      92.000 12.34939759      68.84615385      12.69230769      8.03846154       0.99398114       3.19051657       2.19633631       20.55984556      20.55984556     
      92.500 12.34939759      70.38461538      13.46153846      8.11538462       0.99547034       3.19051657       2.79219629       20.75289575      20.75289575     
      93.000 12.34939759      70.38461538      12.69230769      8.11538462       0.99695954       3.54971144       5.31711037       18.98326898      19.12269412     
      93.500 12.34939759      69.61538462      10.38461538      8.11538462       0.99844875       5.26458596       10.41280097      15.12226512      15.00429000     
      94.000 12.34939759      66.53846154      8.07692308       7.96153846       0.99993795       9.29968993       18.54982293      11.26126126      10.88588589     
      94.500 12.34939759      63.75949020      6.80934518       7.95658664       1.00096196       13.63659800      18.21860994      8.20463320       7.62548263      
      95.000 12.34939759      60.72281209      4.99427587       7.89975902       1.00221133       23.94579296      21.76896784      7.33590734       7.23938224      
      95.500 12.34939759      59.10156684      5.00791866       7.89742921       1.00321825       34.32960442      14.59125556      7.81853282       7.52895753      
      96.000 12.34939759      58.03751607      5.62485314       7.81464023       1.00338553       32.45089946      10.73712554      8.78378378       8.39768340      
      96.500 12.34939759      58.08792170      5.73296784       7.88371387       0.97771380       33.73039317      9.52279595       8.01158301       9.16988417      
      97.000 12.34939759      58.20318436      6.06481396       7.89174457       0.92227317       36.03076008      9.02814354       7.81771505       9.36862154      
      97.500 12.35128368      58.80867376      8.29970706       7.79912135       0.99009085       31.53320883      8.79053776       8.87561848       9.35846908      
      98.000 12.35268891      58.70859918      9.65364848       7.80487629       0.99409045       27.68350884      8.55918537       9.36667725       9.07708283      
      98.500 12.35338983      55.93519903      9.25031550       7.80615499       0.99239146       26.92770457      7.79636013       9.36365381       9.06897974      
      99.000 12.35466712      51.12207853      8.87972311       7.80592580       1.00696560       36.54741034      6.82302298       8.77599736       8.98140844      
      99.500 12.32981700      43.35504350      8.55676768       7.79660903       0.97149276       44.72796615      5.81405003       8.30749579       9.73434659      
     100.000 10.25792829      40.02778306      7.25968746       7.74549225       0.92205487       42.40461528      5.02079166       10.32818533      10.71428571     
     100.500 8.30136213       36.48391895      7.94407514       7.80672682       0.99151718       36.13391827      4.39397056       12.64478764      12.06563707     
     101.000 7.68015707       33.10856711      6.88940128       7.80766755       0.99310533       35.18293341      3.84540498       13.80308880      13.41698842     
     101.500 8.34704513       30.33066973      5.67395202       7.80848831       0.99349664       32.47753142      3.54971144       14.38223938      14.96138996     
     102.000 8.98752008       28.01969827      7.32798164       7.81003830       0.99365186       26.94647310      3.10654746       15.15444015      15.92664093     
     102.500 9.63324681       26.83762081      8.18148077       7.81607052       0.99372375       21.76039445      2.86766858       15.71804881      15.92664093     
     103.000 9.51981307       24.85172930      8.08787433       7.72359793       0.99367089       20.08682270      2.71871031       15.55798021      15.15444015     
     103.500 8.72018272       24.94658445      8.00356012       7.79107938       0.99367089       24.22935534      2.57748954       13.98440525      14.18918919     
     104.000 8.83086186       24.95713658      8.91142777       7.82045218       0.99367089       24.20629009      2.37929272       13.98681754      13.99613900     
     104.500 8.92291633       24.85863924      8.20584197       7.84536657       0.99367089       24.24382136      2.25570267       15.14561167      14.57528958     
     105.000 9.01320538       24.24101526      7.41398883       7.86918637       0.99367089       22.89432930      2.11081404       14.86486486      14.76833977     
     105.500 9.10364295       24.23277306      8.84213927       7.88513865       0.99367089       24.31874993      1.97430927       14.76833977      14.38223938     
     106.000 9.19216178       24.22990248      8.30668039       7.88483711       0.99367089       27.74519820      1.92189071       14.38223938      13.99613900     
     106.500 9.28110327       24.22957189      7.25314615       7.88473597       0.99367089       26.96269021      1.87106414       14.38223938      13.80308880     
     107.000 9.36413196       24.22984414      7.29639251       7.88467529       0.99369587       24.18172397      1.87137993       15.15444015      14.57528958     
     107.500 8.35595706       24.22984414      7.88674246       7.88473018       0.99359983       23.58233870      1.87154715       15.73359073      15.73359073     
     108.000 6.45206910       24.22815922      9.04582396       7.88473512       0.99348627       26.94647310      1.87154715       15.92664093      15.15444015     
     108.500 8.34217446       24.22635434      9.06048267       7.88470206       0.99325967       26.94647310      1.92213454       14.38223938      14.96138996     
     109.000 10.44452535      24.22211539      8.02879501       7.88441500       0.99188615       24.87441615      2.02744839       13.80308880      15.34749035     
     109.500 9.71908536       24.21477797      8.68030397       7.88330825       0.95385099       24.21976273      2.19633631       13.80308880      15.92664093     
     110.000 8.77349490       24.77549724      8.76424383       7.82110819       0.98864923       29.17420942      2.31667368       13.61003861      15.15997080     
     110.500 8.41927294       25.82079235      8.58765190       7.81016619       0.99288954       32.52246045      2.37929272       13.41698842      14.19380608     
     111.000 8.05693060       25.78397579      9.95377943       7.80875450       0.99328107       32.41768323      2.50965428       13.41698842      13.59905322     
     111.500 7.68936472       26.28810564      7.30999297       7.80809793       0.99348434       35.09880261      2.64715836       13.61003861      13.42731967     
     112.000 7.64535638       27.66547357      5.90485196       7.80777425       0.99363845       36.20133509      2.71871031       14.38223938      13.60058469     
     112.500 8.64894929       30.21878085      8.19019928       7.80797484       0.99367089       36.13391827      2.71966549       14.38223938      13.80308880     
     113.000 9.89190645       28.56928767      7.22415196       7.80840193       0.99367089       39.14389995      2.71966309       13.22393822      13.61003861     
     113.500 7.59058435       26.59768065      7.30391297       7.80963883       0.99367089       44.72796615      2.71723600       12.64478764      13.03088803     
     114.000 6.96435441       24.17919200      8.78916183       7.81263392       0.99367089       45.93695058      3.06271502       13.61003861      13.22393822     
     114.500 6.94089020       22.85304332      8.91494313       7.82413406       0.99367089       47.17861352      3.52438088       16.73745174      15.34145753     
     115.000 6.93088285       22.70913390      4.77646728       7.63740440       0.99370133       51.10862634      4.05757436       19.78764479      18.67760618     
     115.500 6.92911207       22.06413385      3.46740341       7.64890454       0.99366333       58.39951850      4.66779709       21.33204633      20.75289575     
     116.000 7.02401176       21.93408109      3.38270263       7.65189964       0.99358144       61.59923087      5.37175047       20.75289575      20.94594595     
     116.500 7.46281943       21.28544991      4.30804188       7.65313653       0.99328332       72.13511328      5.73703182       19.72393822      19.98069498     
     117.000 7.90670864       20.54756926      4.25015167       7.65356948       0.99242767       101.05457608     5.89210219       18.35135135      18.62934363     
     117.500 8.63523490       20.42079554      4.24169916       7.65386188       0.97007071       144.62109991     6.05136406       16.89189189      17.85714286     
     118.000 7.78804583       20.39929345      4.23675933       7.65387790       0.99753623       111.15933652     6.05136406       16.89189189      17.85714286     
     118.500 6.89797741       20.38949104      4.22644271       7.65390690       0.99611019       83.93405863      5.89210219       18.05019305      17.85714286     
     119.000 7.05168180       20.38543485      4.19952018       7.65401305       0.99630878       61.59923087      5.43902726       17.50922553      17.33223043     
     119.500 7.42080112       20.38461538      3.53508319       7.64994625       0.99690323       59.97804117      5.29588107       16.48968353      16.41838452     
     120.000 7.77684284       20.38461538      2.05726653       7.64396101       0.99770909       61.59923087      5.02079166       15.47014153      15.50453860     
     120.500 8.12988601       20.38320272      1.14388316       7.63795618       0.99856482       66.73049161      4.75999150       14.45059954      14.59069268     
     121.000 8.47935236       20.38106725      2.03139214       7.63194434       0.99946603       63.26424087      4.39397056       13.43105754      13.67684676     
     121.500 8.55327442       20.37254504      1.95498333       7.62592943       1.00036724       58.39951850      4.16573002       12.41151555      12.76300084     
     122.000 7.85705799       20.35413113      1.93443547       7.61991690       1.00126846       63.26424087      3.94934521       11.67953668      11.87258687     
     122.500 7.87916757       20.29485641      1.93471515       7.61390701       1.00221578       74.24314671      3.74420030       11.29343629      11.48648649     
     123.000 8.58152168       21.22373096      2.54883399       7.60789712       1.00309081       78.31093221      3.45628892       11.87258687      12.43391743     
     123.500 8.15756511       21.13468210      2.64568893       7.60188230       1.00375727       64.97425563      3.36532512       14.50128700      14.86634987     
     124.000 7.39272279       22.79005434      2.55728207       7.59586672       1.00415101       53.90887039      3.27675534       17.19916345      17.29878230     
     124.500 7.16568295       24.65314600      1.95883475       7.58984900       1.00381999       47.17861352      3.10654746       20.17374517      19.98069498     
     125.000 7.88657345       23.75449247      2.07149153       7.58382744       0.96841120       42.97388657      3.02478827       20.17374517      21.04247104     
     125.500 8.12171722       21.94580503      3.31344147       7.57785536       0.93149484       38.11369735      2.94518086       18.82239382      21.13899614     
     126.000 8.13070535       20.51725107      3.43359848       7.57698215       0.95432503       32.47753142      2.79219629       19.20849421      20.94594595     
     126.500 8.13618651       18.81845127      3.44933996       7.57671194       0.98117999       28.42287163      2.64715836       20.36679537      20.75289575     
     127.000 8.14270372       18.83528145      3.45565257       7.57599664       0.98401576       23.58233870      2.57748954       20.94594595      20.94594595     
     127.500 8.16489929       18.83337197      3.45692115       7.57395943       0.98633338       20.63819990      2.44360434       19.59459459      20.17374517     
     128.000 7.41498276       18.82944774      3.45389878       7.56628720       0.98842441       17.58627035      2.31667368       19.59459459      19.59107199     
     128.500 7.00754270       18.81563126      3.50597811       7.53626728       0.99015010       18.54982293      2.25570267       18.82239382      18.44742944     
     129.000 7.26494644       18.76153401      5.63713599       7.57080603       0.99138486       20.63819990      2.19633631       16.69884170      17.64802267     
     129.500 7.50851505       19.70201092      7.25349565       7.57746015       0.96967156       21.19604468      2.13853238       16.31274131      17.67568411     
     130.000 7.75273030       20.26233055      7.29517383       7.57722732       0.98182085       21.19604468      2.13853238       17.66409266      17.84578198     
     130.500 8.00327412       20.92160553      6.66283883       7.57812975       0.98788780       18.53245101      2.08224975       18.05019305      18.25222947     
     131.000 8.18415357       21.97547698      5.93425743       7.64034832       0.99414036       18.56211876      2.02744839       18.24324324      19.01544402     
     131.500 9.10545184       21.94759096      5.81240647       7.65137227       0.94631828       17.10785648      2.02744839       18.05019305      20.17374517     
     132.000 9.70765930       22.56300575      5.22848006       7.65278397       0.92728162       17.14288939      1.97408930       18.62934363      21.13899614     
     132.500 9.45979891       22.67029755      4.17979263       7.65344053       0.95185620       14.57554039      1.97408930       17.85714286      20.17374517     
     133.000 9.19247390       22.68309848      4.80539095       7.65376421       0.98363927       16.67781490      1.92213454       17.66409266      19.40154440     
     133.500 8.91791063       22.68825150      5.90642544       7.65370489       0.98308551       16.68738952      1.87154715       18.07495464      19.03338662     
     134.000 8.63906460       22.69056314      6.04858391       7.65349134       0.98607085       15.78638715      1.87154715       18.42414987      18.80582078     
     134.500 8.35894606       22.69163322      2.69102080       7.65273163       0.98924097       15.37209726      1.87154715       18.64072617      18.45651035     
     135.000 8.08027937       22.69575116      1.87642019       7.65092802       0.99258090       15.37646854      1.82229113       18.22908294      18.02474043     
     135.500 7.80260879       22.70373912      1.03058556       7.64447296       0.99595748       15.40288108      1.82229113       17.68103379      17.88178573     
     136.000 7.55653034       22.72343353      1.11687348       7.73615565       0.99930677       15.37248953      1.76706699       17.65013281      17.45145175     
     136.500 8.15465765       23.46981789      1.14869385       7.72368600       1.00272452       16.23396893      1.78188722       17.48294003      17.48132267     
     137.000 8.76457947       24.95701349      1.17340883       7.81394790       1.00670517       16.67276857      1.72414675       17.26944109      17.85679215     
     137.500 9.37609140       24.75593621      1.28239268       7.86915015       0.93796658       15.80671776      1.72704023       15.93212442      17.84935045     
     138.000 9.98428990       23.57605641      1.89747423       7.98996829       0.86842999       20.33766823      1.72749519       14.95447798      17.67693134     
     138.500 10.58896903      22.62829853      1.88699450       7.73676678       0.90688465       24.21976273      1.72655775       14.76833977      17.08494208     
     139.000 11.12353524      22.69675508      1.22533422       7.73115862       0.91294595       23.58233870      1.72853710       14.18918919      16.50579151     
     139.500 11.02255705      22.82496118      2.14129730       7.72129692       0.98435549       22.96169062      1.72193515       15.73359073      16.11969112     
     140.000 8.46412012       23.46639492      4.38874104       7.72672287       0.98446199       23.58233870      1.78258930       17.08494208      16.69884170     
     140.500 7.56370991       23.58873269      5.80940593       7.64278136       0.98618428       19.56616860      1.82711824       17.47104247      17.08494208     
     141.000 7.89632732       24.20883203      6.65267528       7.64891935       0.98821755       19.56616860      1.81751565       17.47104247      17.27799228     
     141.500 8.50946327       24.20607413      4.74787445       7.58884035       0.99022201       19.56616860      1.91589774       16.69884170      16.89189189     
     142.000 9.95357053       24.15299582      3.28163963       7.57886769       0.98777713       20.63819990      1.97978352       15.54054054      16.89189189     
     142.500 10.81985406      25.09047986      6.05680892       7.57784400       0.96080508       22.35737696      1.96891234       15.73359073      17.08494208     
     143.000 9.09155337       25.04063938      5.17481884       7.57732870       0.98087479       22.96169062      2.03026795       17.47104247      17.85714286     
     143.500 7.52025144       25.11918339      4.77804809       7.57700502       0.98141578       20.63819990      2.02527513       18.62934363      18.62934363     
     144.000 6.45714449       25.67891142      4.93940213       7.57692308       0.98220448       17.12342885      2.02843119       18.24324324      18.62934363     
     144.500 6.95518515       26.62362729      4.95406921       7.57692308       0.98679772       16.23396893      2.02956139       17.47104247      18.62934363     
     145.000 6.12766787       26.57376895      4.89752539       7.57692308       0.99193452       18.54982293      2.03058830       18.05019305      18.62934363     
     145.500 6.60945401       26.57127419      5.80737178       7.57692308       0.99324157       18.06162232      1.97833192       16.31274131      16.50579151     
     146.000 8.51755068       26.61604140      5.06662949       7.57692308       0.99358847       23.61830676      1.91793856       15.34749035      15.34749035     
     146.500 8.69794262       25.66451674      5.86066408       7.57706434       0.99330658       26.29739758      1.92213454       14.57528958      15.34749035     
     147.000 8.72031261       25.68364022      5.67398578       7.57727789       0.97073047       26.98643971      1.82229113       14.38223938      15.34749035     
     147.500 8.73151187       25.56289876      5.02943942       7.57761380       0.99502859       26.96722887      1.87154715       14.96138996      15.34749035     
     148.000 8.74291920       27.41280021      4.95528810       7.57868426       0.99420139       26.22642826      1.92213454       15.15444015      15.54054054     
     148.500 8.75535638       29.72081383      3.39012367       7.58319744       0.99388664       29.25136868      1.92213454       14.57528958      15.15444015     
     149.000 8.84536151       30.48782760      3.42050932       7.48683751       0.99350288       29.27525074      1.97408930       14.57528958      14.97241734     
     149.500 9.82889636       29.63075626      2.80432025       7.48108744       0.98555512       26.83278027      2.02744839       14.57528958      15.34431982     
     150.000 11.91375545      27.60993295      2.68696902       7.66931465       0.95887930       23.08503967      2.08224975       14.57528958      16.30774716     
     150.500 10.21648468      27.24293533      2.56694100       7.65843295       0.91078262       21.89242321      2.13853238       14.57528958      16.51313306     
     151.000 9.42305197       26.57737877      1.94109378       7.65565140       0.95538309       23.08559255      2.19633631       14.96138996      16.30950229     
     151.500 8.13920809       26.54819988      1.92451829       7.65455578       0.96798798       25.54676467      2.31667368       16.10390948      15.92664093     
     152.000 7.30658013       26.53830863      1.97050650       7.65412869       0.96825782       23.58233870      2.44360434       16.52744777      16.11969112     
     152.500 6.50318488       26.53680166      3.52167971       7.65384615       0.96825834       20.09503667      2.57748954       17.06651510      16.89189189     
     153.000 6.47193772       26.53593485      3.46624224       7.65384615       0.96799337       16.67276857      2.64715836       17.48577511      17.66409266     
     153.500 6.65738492       26.53650812      3.41460758       7.65384615       0.96726461       16.23396893      2.64715836       17.65693222      17.66409266     
     154.000 6.84024321       26.53504181      4.46609080       7.65384615       0.96563427       18.06162232      2.57748954       17.47104247      17.66810425     
     154.500 7.52522198       26.53265856      5.66441816       7.65384615       0.93117315       20.09503667      2.50965428       15.92664093      17.65292959     
     155.000 9.82558946       26.83945548      6.40010996       7.65384615       0.88018585       20.91526254      2.50965428       14.57528958      17.20538379     
     155.500 9.93577617       28.13667863      7.14214300       7.65384615       0.92604158       22.96169062      2.44360434       14.76833977      16.86038998     
     156.000 9.95366518       28.08640517      7.27087007       7.65384615       0.97148322       26.23728658      2.37929272       15.15444015      15.95971617     
     156.500 10.02340303      28.06440907      7.26714482       7.65384615       0.93603694       28.42287163      2.25883562       14.38223938      15.54054054     
     157.000 11.33659327      28.00907325      6.49901718       7.65384615       0.91641422       29.19113391      2.19552018       13.80308880      15.15444015     
     157.500 9.39658378       28.95497665      6.52628995       7.65384615       0.94144242       29.19113391      2.13710500       14.18918919      15.15444015     
     158.000 8.66411093       29.00350249      6.53316187       7.65392810       0.95913263       29.19113391      1.97579510       13.80308880      14.96138996     
     158.500 8.72426098       29.61299548      6.53608880       7.65425177       0.90684842       29.98016211      1.87069320       13.22393822      14.76833977     
     159.000 9.21916130       29.62424437      6.53729266       7.65490834       0.90468853       26.94647310      1.87309430       13.22393822      14.77738965     
     159.500 9.28733319       29.63606671      6.53987421       7.65632003       0.88440891       28.42287163      1.87154715       13.22393822      14.76421231     
     160.000 8.30092532       29.71781563      6.54200967       7.66734399       0.94915335       27.67482874      1.97408930       14.96138996      15.15286409     
     160.500 6.84540489       32.09466627      6.54726904       7.72986771       0.96703992       26.23728658      2.02744839       16.31274131      15.54670996     
     161.000 6.68511577       33.28013986      6.56137907       7.73163104       0.96789338       25.54676467      2.13853238       15.92664093      15.53214879     
     161.500 7.22209625       32.58199003      6.62113109       7.73332979       0.96610407       25.54676467      2.25570267       14.76833977      15.74240279     
     162.000 7.77887549       32.00213459      5.69397131       7.74430485       0.91556886       28.65120270      2.37929272       13.79665380      15.72971304     
     162.500 8.85808651       30.95336590      5.76824669       7.80647768       0.86186238       35.18293341      2.64715836       12.01737452      15.53972193     
     163.000 11.26502287      30.39914400      6.46984631       7.80749192       0.73258966       43.55080019      2.79219629       10.52123552      15.35446680     
     163.500 11.08031545      30.59690052      8.24920374       7.80777898       0.66519735       47.17861352      2.86766858       9.94208494       14.76052649     
     164.000 9.47953784       32.34780364      8.83889524       7.80781204       0.71771835       43.55080019      2.86766858       10.13513514      14.38704300     
     164.500 8.20260699       34.40109750      8.84066316       7.80778482       0.77517412       40.20194863      2.86766858       10.32818533      13.99613900     
     165.000 8.22698432       37.01466859      8.80399289       7.80769231       0.79645479       40.20194863      2.86766858       10.71428571      13.61003861     
     165.500 10.54209259      39.83050811      9.86005968       7.80769231       0.68226455       42.40461528      3.02478827       10.13513514      13.03088803     
     166.000 11.71320789      42.70673189      10.53247660      7.80769231       0.67572225       40.20194863      3.54971144       8.39768340       12.45173745     
     166.500 11.55179914      45.05115568      11.15416664      7.80769231       0.79261331       32.47753142      4.27832854       8.97683398       11.10038610     
     167.000 11.40742564      48.71740611      11.25186580      7.80770287       0.90492808       27.67482874      5.29588107       9.36004712       10.32818533     
     167.500 11.26488858      55.40946357      12.38591024      7.80740642       0.97768312       22.96169062      6.05136406       9.74316890       9.55598456      
     168.000 11.44009874      46.68710390      11.06470304      7.80854320       0.86405005       29.19113391      4.75999150       9.36831046       10.52123552     
     168.500 11.44009874      46.68710390      11.06470304      7.80854320       0.86405005       29.19113391      4.75999150       9.36831046       10.52123552     
     169.000 11.44009874      46.68710390      11.06470304      7.80854320       0.86405005       29.19113391      4.75999150       9.36831046       10.52123552     
     169.500 11.44009874      46.68710390      11.06470304      7.80854320       0.86405005       29.19113391      4.75999150       9.36831046       10.52123552     
     170.000 11.44009874      46.68710390      11.06470304      7.80854320       0.86405005       29.19113391      4.75999150       9.36831046       10.52123552     
