      92.000 1.85431655       16.18705036      3.97122302       1.11341463       1.08658537       1.03292683       1.01504065       519.83457354     519.83457354     636.46898937     731.50417446     40.52848006      28.61945871      21.66617740      16.09390434      0.77682927       0.91341463       1.01341463       1.00772358      
      92.500 1.90827338       16.18705036      3.97122302       1.11341463       1.07764228       1.03292683       1.01504065       464.55029791     487.96944975     628.46738282     695.40656586     45.99444382      29.35286023      21.66617740      16.40224044      0.85081301       0.91910569       1.00203252       1.00737678      
      93.000 1.99820144       14.74820144      4.08633094       1.09552846       1.04186992       1.02398374       1.01504065       378.70102377     398.69339457     575.20308210     612.76469057     43.17504950      27.03560800      21.66617740      17.25365842      0.82804878       0.89634146       0.97357724       1.00556275      
      93.500 1.81834532       12.58992806      3.97122302       1.05081301       0.96138211       0.99715447       1.01504065       252.69258353     212.18087815     419.77503142     441.43406820     48.99794875      24.11171138      17.64456879      15.51290057      1.05000000       0.91910569       0.97926829       1.00374873      
      94.000 1.69261157       10.57124961      3.89158252       1.04967496       1.00451315       1.02228987       1.01504065       259.14961669     212.40139995     247.10290035     449.00680113     37.13120802      24.35748494      17.74397725      12.35564715      1.00137019       0.95589598       0.98026270       1.00238958      
      94.500 1.64165131       9.15428950       3.74044758       1.10447233       1.07939129       1.03281980       1.01504065       89.56305455      96.62642900      137.60630697     188.93165153     22.45534799      15.69178701      12.54796492      10.01422764      0.96521567       1.00447552       0.99073713       1.00057419      
      95.000 1.64085692       8.22392694       3.61924402       1.10343226       1.11166219       1.03380859       1.01504065       80.94179902      93.02772776      114.25157727     154.30948898     22.53219332      15.29971685      11.37458328      9.28218942       1.05580141       1.07333330       0.99876828       0.99876016      
      95.500 1.64372327       8.27493328       3.49544637       1.10235217       1.10821783       1.07774313       1.01504065       88.75733423      94.21215084      114.94136956     158.26381999     23.20028919      15.49758970      11.80380778      9.96007644       0.98365745       0.99801550       0.97409822       0.99694784      
      96.000 1.52193587       8.44592124       3.47955352       1.10126223       1.11159819       1.00150182       1.01492330       95.40794649      102.93627714     116.81900750     164.42266608     21.80366734      15.06239320      12.37799852      10.80399793      0.90578871       0.91482701       0.96283867       0.99508080      
      96.500 1.47951909       9.43142204       3.39933799       1.10023289       1.11999773       0.91398584       1.01485184       95.46074893      97.85667052      115.35037392     116.93871097     21.52955443      14.82142383      11.73002069      9.46002284       1.04326996       1.08141802       0.98248980       0.99320651      
      97.000 1.54101503       11.39095616      3.39706803       1.09922368       1.11974301       1.02669527       1.01498506       90.64558711      102.93627714     134.26198774     150.83409231     21.25888763      15.02052719      10.94155375      9.58046724       0.97614347       1.01274957       0.95496698       0.99157279      
      97.500 1.69012134       11.86256104      3.39600512       1.09816736       1.11705708       1.11601159       1.02074099       90.80788820      108.27955922     160.27882483     206.13272349     23.22747894      15.00610663      11.50951491      9.76401524       0.95973505       0.93033283       0.94481665       0.97013363      
      98.000 1.76375283       11.86771491      3.39568345       1.09684857       1.11338487       1.11874480       1.09559696       83.01601148      93.02772776      135.97140278     188.93165153     23.67248408      14.87102344      12.10695817      10.22846167      0.96890040       0.90306499       0.96573181       1.00635777      
      98.500 1.91516229       11.86286496      3.39568345       1.09457505       1.06595660       1.07595577       1.05361105       81.97234483      97.85667052      150.45395966     206.42688516     24.27911455      14.36110588      13.14465911      11.10821411      0.90185177       0.85714587       0.97190962       1.00784964      
      99.000 1.78860180       11.73831608      3.39568345       1.04750249       0.93486369       0.99001723       1.00463669       56.79717027      74.45761425      116.81900750     151.60039237     19.13974471      13.78266660      12.03061390      10.29680268      0.79725437       0.84270012       0.96808889       1.00779310      
      99.500 1.71746506       10.40418114      3.39568345       1.10551061       0.99897458       0.98560994       1.00553076       54.68184789      67.80313518      91.85819509      95.41165392      15.89157384      13.39900036      11.80445745      10.98698146      0.80534609       0.94176024       0.96821587       1.00766425      
     100.000 1.71123613       10.41806447      3.39568345       1.10553408       1.03053073       1.05677198       1.00550278       55.37805368      66.95072286      93.02772776      101.64217545     15.79136447      13.31201607      12.18378691      11.63709720      0.77457101       0.91093554       0.96142564       1.00751901      
     100.500 1.79509941       10.41162972      3.39568345       1.10377447       1.00912862       1.11344569       1.00541132       54.68184789      66.95072286      89.56305455      101.64217545     17.61841166      14.10860965      13.22807292      12.34894961      0.78934650       0.90175648       0.96812438       1.00742722      
     101.000 1.88526565       9.91568221       3.39568345       1.06844166       0.96353410       1.01532883       1.00524280       62.84673828      76.94755608      106.91828248     135.97140278     20.08329118      15.32999136      14.09188557      13.17200832      0.78530731       0.90397063       0.96879388       1.00733555      
     101.500 2.03812511       8.77329925       3.39568345       0.90935168       0.85051201       0.95133199       1.00504578       64.45724719      81.97234483      115.35037392     132.57406324     22.89301626      16.50632632      14.72990267      13.39649190      0.90145426       0.95567283       0.99022967       1.00724393      
     102.000 2.08360055       9.60821866       3.39568345       0.93723324       0.91096518       0.91522427       1.00484876       66.01124484      93.44057240      126.03191787     146.25464432     25.69542856      17.14486000      14.72990267      13.22807292      0.98622556       0.95792688       0.98513271       1.00715232      
     102.500 2.19911184       9.72569769       3.39568345       0.89608487       0.90752532       1.00630438       1.00465174       77.28177340      106.24407529     150.45395966     186.55642703     27.21414494      18.03482635      15.39680631      13.73979006      0.95977069       0.94600347       0.99457359       1.00706070      
     103.000 2.12355363       9.75091817       3.39568345       0.82232300       0.88929555       0.97112358       1.00445472       82.03763345      108.27955922     144.85053565     168.59868054     23.33215614      18.38034773      15.79136447      13.82698048      0.84485364       0.95960252       1.01334585       1.00696908      
     103.500 2.02237458       10.28260826      3.39568345       0.89473963       0.89518554       0.96088875       1.00425770       73.96350882      96.87123373      132.71001350     172.91918600     23.41544140      18.38034773      15.58060690      14.09188557      0.82368812       0.94648693       1.01192925       1.00687746      
     104.000 2.07397333       10.47552482      3.39536179       0.87104694       0.83183344       0.93749172       1.00406068       65.20210525      87.32525968      116.89157431     160.27882483     23.82270572      17.14486000      14.90583784      13.82698048      0.84592824       0.93884265       0.98316998       1.00678585      
     104.500 1.99970781       9.67856457       3.39404819       0.79403425       0.82611492       0.89530976       1.00386366       76.03828002      92.52886787      127.36904087     182.63308123     26.19388262      17.47333089      15.29756714      13.73979006      0.89007569       0.91923157       0.97917248       1.00669423      
     105.000 2.18696753       9.84695026       3.39078891       0.79765600       0.77721228       0.86752360       1.00366664       75.99202484      101.64217545     132.96597327     186.55642703     25.86457649      18.26444461      16.10157671      14.36186586      0.88364027       0.91190103       0.98449917       1.00660261      
     105.500 2.24386807       9.83589005       3.30750777       0.76660411       0.79144594       0.84790073       1.00346962       65.14826243      89.56305455      121.33805487     160.27882483     24.67569310      17.80809482      15.69178701      13.91472419      0.88005886       0.92443353       0.97373172       1.00651099      
     106.000 2.16131593       9.52486010       3.28249373       0.79696760       0.83489390       0.89123228       1.00327260       56.79717027      85.14337767      115.35037392     144.85053565     23.52905588      17.36314726      15.49451187      13.56705518      0.88897766       0.92098444       0.97380008       1.00641938      
     106.500 2.14516998       8.82725999       3.28061530       0.77697564       0.82550113       0.89079152       1.00307558       58.25265310      84.07296603      115.35037392     146.69476342     24.75656053      17.03674764      15.29971685      13.39649190      0.91276010       0.92921224       0.99998775       1.00632776      
     107.000 2.20239175       8.24869545       3.28042299       0.75423302       0.81314050       0.88059190       1.00287856       62.81494194      87.32525968      119.81260840     154.30948898     23.07007635      16.82256383      15.01210645      13.06177129      0.90747884       0.94441077       1.01414233       1.00623614      
     107.500 2.21695213       9.16543655       3.28057554       0.74929734       0.83641645       0.88843122       1.00268155       65.27791274      88.43707930      113.90020380     128.60911624     23.37893550      16.71648381      15.34251865      14.00302471      0.91154919       0.92469983       0.97032627       1.00614452      
     108.000 2.14263224       10.61827671      3.28057554       0.87892764       0.92488972       0.95109277       1.00248453       58.98188396      78.91941218      101.64217545     102.93627714     21.40784434      15.89157384      13.54312171      13.39649190      0.91883723       0.92557724       0.93873291       1.00605291      
     108.500 1.73006263       11.13410180      3.28057554       1.04373365       1.02473133       1.01993158       1.00228751       55.37805368      76.94755608      97.85667052      124.23116134     21.92071250      15.49451187      14.30840178      13.06177129      0.88277912       0.89708894       0.96103818       1.00596129      
     109.000 1.91874286       11.19375372      3.28057554       0.77223435       0.91694838       1.07609336       1.00209049       60.73619463      83.01601148      112.46826504     172.91918600     24.64692286      16.19603357      14.92671446      12.89756037      0.87702523       0.90286548       0.99167941       1.00586967      
     109.500 1.97219592       10.36271622      3.28057554       0.76667917       0.81648743       0.79909721       1.00189347       71.32270367      90.70336563      122.80637063     141.66114555     26.69571980      16.20263140      14.72892789      12.65278887      1.07056418       0.94044016       1.00843137       1.00577805      
     110.000 1.98681363       11.22752162      3.28057554       0.99473511       0.89945805       0.95357182       1.00169645       61.71906651      84.60968392      124.60582190     119.65189080     23.88306095      16.17528965      14.14559584      12.65031249      1.00544144       0.96235496       0.99467927       1.00568644      
     110.500 2.08376166       11.25012827      3.28057554       1.04214947       1.03806209       1.08195614       1.00149943       52.64530741      80.94179902      112.63471366     129.40928084     23.52320971      17.00778059      14.55933903      13.05561815      0.93267918       0.97505498       1.00063948       1.00559482      
     111.000 2.23229746       10.59206423      3.28057554       0.87068160       0.89400069       0.97174656       1.00130241       51.98345735      78.89178145      111.05035020     137.84085831     27.72842180      17.60428213      15.11522676      13.14586771      1.03581746       0.98295112       1.00778208       1.00550320      
     111.500 2.26245643       11.05334619      3.28057554       0.76343360       0.86412860       0.95142260       1.00110539       53.99439471      78.94612361      112.46826504     141.23134483     25.92682448      17.58421374      15.10737078      13.14465911      0.96820316       0.96609348       0.99281174       1.00541159      
     112.000 2.26401013       8.90538688       3.28057554       0.75511877       0.81906587       0.91692106       1.00090837       53.31558410      77.91669922      113.90020380     141.23134483     24.74426752      17.47333089      15.01210645      13.82698048      0.90388958       0.95112374       0.99041860       1.00531997      
     112.500 2.27788445       10.27828272      3.28082622       0.73624828       0.80017048       0.88272747       1.00071135       54.68184789      78.97980269      111.05432843     150.45395966     23.56721526      17.25365842      15.39680631      13.82698048      0.84684620       0.94284613       0.98959664       1.00522835      
     113.000 2.19272584       9.91090344       3.28156486       0.76464162       0.78324679       0.89030104       1.00051433       57.52030821      74.98552928      104.24685524     146.69476342     20.47184195      16.61107271      14.91744285      13.65314945      0.75461081       0.92473466       1.00939686       1.00513673      
     113.500 1.86754000       10.29174234      3.28364116       0.80327855       0.85710118       0.85438196       1.00031731       58.99432215      69.42971881      91.85819509      103.19681941     16.92931701      15.20323963      13.64303884      12.65510670      0.74223824       0.92891618       0.99475081       1.00504512      
     114.000 1.67102954       10.92687376      3.28979486       1.11474069       0.97954690       1.00106321       1.00012029       55.37805368      66.84244024      88.43707930      109.89498533     17.51759988      15.49451187      13.64564506      12.57530590      0.78328800       0.94061438       0.98444910       1.00495350      
     114.500 1.98354825       11.92585366      3.15968540       1.04078831       0.90330181       0.95570964       0.99992327       55.37805368      66.86142046      107.64539576     135.02097166     23.51577075      18.15214279      15.11660773      13.57564012      0.95931011       0.94741243       0.99229190       1.00486188      
     115.000 2.70642095       10.28048416      3.16471981       0.78683227       0.79731950       0.89910777       0.99972625       58.25265310      94.65576170      162.61312068     187.43251989     38.04414158      21.52955443      17.38322836      15.89157384      1.13755460       1.01282600       1.00780529       1.00477026      
     115.500 2.86963795       8.89399776       3.16574581       0.53233140       0.74630303       0.89843637       0.99952923       56.79717027      115.35037392     181.89518566     219.90686480     44.00222145      25.34847634      19.21086122      16.71648381      1.26448345       1.10174646       1.00891838       1.00467865      
     116.000 2.82399000       7.60693532       3.16708370       0.46250406       0.72846446       0.91678757       0.99933221       54.68184789      109.65816764     168.59868054     209.05509906     41.96999216      25.03293422      18.61526147      16.82256383      1.28435177       1.11818138       1.00899224       1.00458703      
     116.500 2.84486740       6.81511219       3.17068384       0.46084790       0.72129973       0.92275155       0.99913519       53.31558410      104.24685524     162.31948458     211.71677522     38.53765786      23.66287226      18.39354638      16.50632632      1.21355523       1.11133732       1.02089177       1.00449541      
     117.000 2.82211520       6.99980375       3.25527857       0.45898467       0.68701651       0.91056444       0.99893817       46.50648454      94.21215084      144.85053565     193.77320919     36.85967702      23.07949316      17.59730836      15.20323963      1.16852647       1.10143889       1.01430715       1.00440379      
     117.500 2.85776834       7.52297430       3.28324941       0.42509447       0.66307090       0.87982055       0.99874115       40.87610971      87.32525968      143.02949329     193.77320919     36.85967702      22.79083918      16.92931701      14.83186001      1.20019213       1.11145452       1.01342696       1.00431218      
     118.000 2.78722500       7.54160615       3.36711969       0.44942382       0.66305288       0.86026382       0.99854413       44.06633368      91.85819509      144.85053565     186.55642703     37.32897207      22.50431567      16.50632632      13.90605829      1.20874438       1.13896960       1.01272852       1.00422056      
     118.500 2.75794108       7.54174233       3.38977107       0.48928368       0.73353921       0.91703009       0.99834712       48.79694497      95.41165392      144.85053565     175.12078203     37.56585551      22.36240756      17.03674764      15.11206328      1.22039627       1.09717067       0.99308165       1.00412894      
     119.000 2.82096908       7.51280047       3.31323105       0.49732191       0.74815847       0.93479569       0.99815010       48.79694497      90.38753615      139.45580247     170.74526816     37.50570999      21.94202978      17.14486000      15.30661442      1.22340681       1.07105418       1.00238229       1.00403732      
     119.500 2.66270320       6.95364597       3.15827556       0.49609069       0.75125557       0.92601640       0.99795308       45.80576130      82.76853048      130.90735911     162.21683727     35.26843193      20.10886720      16.40224044      15.01210645      1.23266744       1.05448835       1.02400212       1.00394571      
     120.000 2.42573280       5.99187732       3.16169395       0.67248582       0.81434944       0.95364684       0.99775606       51.32992799      76.83085682      115.35037392     142.14765909     28.90138838      18.26444461      15.39680631      13.56705518      1.24847553       1.01580652       1.00283802       1.00385409      
     120.500 2.55066817       3.93646416       3.15854353       0.63775371       0.78102288       0.92460029       0.99755904       48.18347604      77.05792624      115.35037392     154.30948898     29.57270928      18.26444461      15.49451187      13.73979006      1.05500829       0.99677420       1.00236580       1.00376247      
     121.000 2.58455211       4.60226651       3.28954418       0.58613742       0.72594879       0.90239847       0.99736202       46.97957856      74.22794530      121.33805487     145.95427126     29.54538181      17.86450907      15.49451187      13.82698048      1.04107480       0.96985132       0.98540535       1.00367085      
     121.500 2.24635147       4.54901973       3.28364116       0.75271568       0.82442424       0.95128833       0.99716500       51.98345735      72.98357319      109.60919927     134.26198774     27.30906117      17.04348464      14.72990267      12.90607732      1.04510167       0.97005321       0.98591016       1.00357924      
     122.000 2.21677117       6.00725045       3.28156486       0.78104652       0.84400007       0.93715618       0.99696798       45.80576130      73.89021167      104.97584158     139.45580247     25.62768443      16.45420107      14.40736280      12.62306983      1.01343898       0.96363393       0.98985081       1.00348762      
     122.500 2.06298849       6.12560802       3.28082622       0.78977133       0.84701734       0.96167259       0.99677096       34.24100312      57.43027446      82.90883484      105.57411954     21.52955443      15.69178701      14.00302471      12.48189697      0.99985419       0.98267801       0.99653446       1.00339600      
     123.000 2.20663753       6.12356287       3.28057554       0.69976717       0.79801567       0.90425624       0.99657394       35.51819893      65.51430197      89.28894311      116.52379247     25.10691104      17.05333583      13.65902520      12.65510670      0.93055317       0.98794470       0.99637459       1.00330439      
     123.500 2.55487480       6.12381135       3.28057554       0.60239461       0.72903190       0.88571914       0.99637692       41.89678989      77.92724745      122.41022691     143.70968572     31.21529615      19.18683509      15.50862873      13.06177129      1.12027674       1.04638605       1.00056661       1.00321277      
     124.000 2.59289900       6.13331462       3.28057554       0.55802838       0.75907057       0.97400585       0.99617990       49.37407560      91.27895407      146.89433542     174.01650232     37.21109110      21.58725100      17.21692800      15.29971685      1.21668079       1.08864919       1.01953680       1.00312115      
     124.500 2.64839479       6.17403418       3.28082622       0.59813184       0.79823428       1.00518008       0.99598288       63.14277144      107.25698878     162.81757360     184.21106354     41.30494754      24.12601488      18.75096127      16.29881090      1.26756568       1.10333461       1.01941533       1.00302953      
     125.000 2.61540273       5.38200211       3.28156486       0.59045727       0.79669948       0.97812883       0.99578586       62.63254216      116.81900750     168.59868054     201.26916665     42.09629102      23.52320971      18.74529529      15.99241911      1.33164730       1.11857320       1.04361521       1.00293792      
     125.500 2.56877271       5.60348241       3.28364116       0.65664995       0.83461919       0.99874998       0.99558884       72.23077977      116.81900750     166.47907954     196.24031731     40.78566703      22.50431567      17.92110202      14.72990267      1.29409745       1.10734603       1.06817284       1.00284630      
     126.000 2.42400829       6.80985300       3.28980529       0.67542678       0.84377737       0.94834259       0.99539182       75.50106411      113.90020380     156.27414753     193.77320919     38.52851716      22.08127024      17.80809482      15.01210645      1.21543089       1.06378955       1.01737796       1.00275468      
     126.500 2.44955246       7.52019708       3.15972865       0.67019445       0.80393010       0.89695478       0.99519480       82.97850986      129.26160857     177.35040863     225.54219248     40.52848006      22.64712431      17.92110202      15.89157384      1.17574352       1.02459486       0.98995699       1.00266306      
     127.000 2.39594994       7.60098887       3.16484651       0.64149137       0.79930222       0.89827373       0.99499778       89.57432586      129.36113553     177.35040863     225.54219248     39.01905977      22.93546605      18.14927235      16.29881090      1.12198110       1.00102466       0.98995252       1.00257145      
     127.500 2.31812146       6.80917561       3.16585438       0.73848069       0.80863291       0.90419376       0.99480076       90.74965926      124.47119053     168.59868054     201.65148484     37.56585551      21.39379299      17.58421374      15.29971685      1.15216370       0.98710375       0.98911269       1.00247983      
     128.000 2.21100449       6.86477085       3.15377854       0.82667775       0.87680333       0.94874197       0.99460374       90.74420035      116.04874570     159.26813580     183.04946218     35.15176449      20.79338294      17.47333089      15.59283746      1.09786512       0.98791021       0.99629351       1.00238821      
     128.500 2.28469011       7.37538532       3.13995633       0.83945369       0.87176761       0.98855867       0.99440672       87.34249248      108.23591770     152.36952986     171.82878916     32.42796214      20.20982321      16.82256383      15.79136447      1.02949286       0.97632463       0.98979980       1.00229678      
     129.000 2.20994464       8.84539768       3.12600473       0.92462744       0.91274408       1.01248347       0.99420970       76.90394851      108.27955922     135.97140278     152.36952986     31.07246455      18.25553349      15.33201179      14.72990267      1.11597040       0.96994934       0.97038236       1.00220543      
     129.500 2.07232188       9.93949647       3.11202449       0.93557772       0.93560291       1.01895451       0.99401269       76.90034765      99.10257540      137.70258199     158.26381999     27.55357143      18.26476782      14.91744285      13.82698048      0.98045740       0.97733753       0.96795194       1.00211377      
     130.000 2.05646536       10.40856092      3.09804401       0.88606430       0.89073284       0.98008087       0.99381567       76.84600848      99.10257540      142.12757539     176.23206931     31.46807719      18.25743952      16.09390434      14.49878952      1.02218430       0.96254415       1.00212893       1.00201942      
     130.500 2.25526387       9.90784806       3.08405531       0.82611792       0.87168881       0.98009732       0.99361865       85.31875144      113.90020380     156.27414753     186.55642703     31.07246455      19.69249533      17.03674764      15.01662950      1.02862716       0.94245987       1.01794126       1.00178408      
     131.000 2.21277203       8.86723441       3.07005754       0.83548847       0.87209084       0.95457509       0.99342163       90.70336563      116.81900750     156.27414753     188.93165153     30.29609754      19.70486680      16.92931701      15.01745705      0.97929087       0.95259061       0.99735781       1.00155995      
     131.500 2.09487424       9.03055663       3.05594643       0.82721459       0.85564674       0.91495600       0.99322461       94.81000544      122.88292323     156.27414753     209.05509906     33.31159912      20.08238375      17.14486000      15.01722808      0.97267170       0.95448072       1.00012412       1.00133600      
     132.000 2.12551907       7.04148530       3.05036008       0.83191141       0.85752413       0.91172386       0.99302759       106.91828248     134.26198774     170.74526816     217.14222388     32.10479051      20.40250033      17.92110202      15.01145366      1.01159959       0.94742400       1.02198603       1.00111232      
     132.500 1.99785495       5.32150651       3.04443419       0.89976387       0.89671079       0.92486096       0.99283057       101.64217545     124.44746075     158.26381999     188.63920041     30.29609754      20.59701440      17.36314726      15.08864107      0.96677168       0.95302030       1.01184494       1.00088884      
     133.000 1.90009525       7.11590101       3.02946857       0.92246461       0.89832177       0.89784691       0.99263355       102.93627714     119.71155725     152.36952986     189.16703275     29.51458122      19.85949072      16.92931701      14.63701859      0.95889271       0.95742679       1.00036744       1.00066536      
     133.500 2.04216604       7.59945020       3.01462201       0.94542785       0.89884421       0.89783476       0.99243653       96.62642900      118.21074788     150.45395966     188.79590828     29.32514393      19.31589194      16.82256383      14.54472022      0.95945342       0.94703340       0.99246677       1.00044188      
     134.000 2.01147308       6.81033883       2.99978546       0.88334469       0.86748399       0.88981272       0.99223951       91.85819509      127.67322366     155.28871126     193.90319206     31.48718583      19.31984964      16.92931701      15.10737078      0.97004327       0.94320119       0.99530462       1.00021840      
     134.500 2.05245804       6.02578866       2.98493164       0.86806662       0.89098590       0.93619477       0.99204249       95.41165392      127.60422469     164.38612589     196.24031731     30.68182551      20.08891283      17.25365842      15.29971685      0.98570126       0.94584300       0.98965595       0.99999492      
     135.000 2.05658445       4.20168595       2.96989994       0.86072382       0.90466419       0.92438157       0.99184547       95.41165392      126.03191787     164.38612589     186.55642703     31.26964523      20.09163197      17.02077250      15.10737078      0.98128460       0.95418233       0.99746158       0.99977144      
     135.500 1.94974820       3.42184397       2.95431710       0.96118012       0.91388645       0.94256245       0.99164845       99.10257540      126.03191787     164.38612589     170.74526816     31.66776836      20.09814121      17.01908142      15.10737078      0.99437499       0.96377019       0.98887339       0.99954797      
     136.000 1.89688594       3.28128430       2.93625531       1.00881343       1.01802433       1.07159005       0.99145143       102.93627714     123.66271777     160.27882483     162.31948458     29.16776645      19.19653227      17.12858965      15.10737078      0.96626129       0.95000818       0.98118717       0.99932449      
     136.500 1.94523646       2.44770625       3.09043191       0.92046117       0.90144157       0.95351128       0.99125441       99.10257540      119.81260840     152.36952986     181.92584182     29.91521888      19.33444657      16.50025696      15.10737078      0.95231465       0.94519795       0.96988176       0.99910101      
     137.000 1.88743161       2.45084138       3.19717128       0.97336730       0.95435340       0.97164858       0.99105739       97.85667052      121.33805487     158.26381999     179.73131255     29.53912858      19.33444657      16.62130309      14.72990267      0.96367398       0.94798639       0.97407811       0.99887753      
     137.500 1.99149191       3.36316585       3.37018065       0.94328235       0.95529047       0.97231127       0.99086037       102.93627714     122.88292323     162.31948458     189.14264960     33.52298898      19.33444657      16.82997649      14.54472022      1.06248103       0.94737589       0.99197265       0.99865405      
     138.000 1.99124453       5.46289011       3.51189600       0.94287625       0.95575229       0.98332250       0.99066335       87.32525968      118.30633964     164.38612589     175.44771014     31.82555715      18.79183142      15.99159801      13.82698048      1.11028808       0.97896408       1.01540089       0.99843057      
     138.500 1.96168360       5.24202760       3.42125835       0.99090725       0.97881131       1.04889845       0.99046633       74.08176389      102.94630919     124.44746075     156.18170681     28.79398331      17.55655647      15.39680631      12.97940614      1.05530740       0.96939380       0.99265036       0.99820710      
     139.000 1.97890273       4.70618041       3.14740066       0.89628890       0.86863211       0.89218128       0.99026931       77.92724745      95.37433066      127.63654819     172.99959102     29.71375237      16.79453660      14.91744285      13.22807292      1.03913003       0.93148831       0.98624310       0.99798362      
     139.500 2.02185675       4.68334521       3.14879927       0.90675409       0.85369041       0.89852123       0.99007229       83.01601148      99.09259122      135.97140278     172.82247311     25.53007048      16.57627373      13.91472419      12.41721077      1.04091908       0.91983367       0.98583660       0.99776014      
     140.000 1.96093417       6.18396801       3.14051787       0.91495492       0.86996393       0.92622330       0.98987527       78.91941218      99.03286452      134.26198774     172.95663654     25.69525434      17.54930880      14.45300387      13.73979006      0.90087873       0.91676540       0.98629897       0.99753666      
     140.500 2.09803744       7.34787650       3.12989602       0.81664661       0.83130690       0.86713707       0.98967826       79.89611765      108.27955922     143.02949329     177.35040863     28.43898963      18.24625968      16.61107271      15.10737078      0.89059173       0.90167267       0.98959788       0.99731318      
     141.000 2.10605139       7.53617310       3.11838425       0.83224754       0.85394386       0.91691919       0.98948124       85.21535267      109.65816764     144.85053565     172.91918600     26.19388262      18.86093978      16.61107271      14.45300387      0.92550506       0.89752785       1.00564833       0.99708970      
     141.500 2.06925557       7.58435621       3.10661340       0.85679489       0.87813323       0.93592609       0.98928422       80.87295068      106.91828248     139.59702067     166.47907954     26.52738146      18.61159789      16.29881090      14.27130255      0.91508437       0.93816377       1.00945324       0.99686622      
     142.000 2.12660009       6.74199785       3.09484256       0.85683796       0.88838878       0.92695909       0.98908720       80.86205153      106.91828248     134.26198774     175.65967216     26.69571980      18.63257685      16.19603357      14.00302471      0.90624655       0.94963866       0.99651889       0.99664275      
     142.500 2.06138118       7.59709133       3.08307171       0.81206452       0.82076419       0.82967619       0.98889018       84.20637236      102.93627714     134.26198774     191.33711724     26.36010464      17.69580023      15.19711148      12.89756037      0.88772478       0.93135841       0.99653310       0.99641927      
     143.000 2.05365215       7.60307257       3.07130087       0.81640501       0.82103004       0.80902842       0.98869316       75.76219168      101.64217545     130.90735911     166.47907954     27.37982363      17.58421374      15.49513406      13.39649190      0.93854872       0.92330420       0.98867834       0.99619579      
     143.500 2.09122457       6.78152809       3.05953002       0.84386883       0.85494015       0.88390468       0.98849614       76.74505878      106.37857575     135.97140278     172.91918600     27.37982363      18.14927235      16.19320759      15.10737078      0.91321535       0.91752268       0.97065040       0.99597231      
     144.000 2.09950292       6.81693903       3.04775918       0.79322832       0.83728314       0.88381784       0.98829912       83.88222610      111.05432843     141.23134483     177.35040863     27.55357143      18.73248880      16.71648381      14.72990267      0.93640139       0.91394166       0.97367264       0.99574883      
     144.500 2.05053889       6.82834911       3.03598833       0.90437978       0.92106061       0.98654893       0.98810210       88.43707930      113.90020380     146.68610029     166.34482956     27.37982363      18.03482635      15.59283746      13.91472419      0.97572161       0.95883387       1.00365239       0.99552535      
     145.000 1.89260936       6.83654279       3.02421749       1.02567020       1.00869009       1.06802883       0.98790508       90.70336563      116.81900750     144.99762181     140.30827898     28.08145829      18.14927235      16.09390434      14.87033513      0.98615931       0.93679836       0.95957118       0.99530188      
     145.500 1.97909369       6.85093601       3.01244664       1.01395289       1.05865806       1.08753391       0.98770806       77.92724745      99.70623182      128.79750293     137.77557823     27.35674019      17.69580023      15.79136447      13.91472419      0.97553049       0.93803906       0.97451816       0.99507840      
     146.000 1.93567417       6.88428337       3.00067580       0.92391934       1.00313952       0.97264934       0.98751104       71.32270367      87.50220692      121.02803446     135.84393168     25.08140740      17.25365842      15.10737078      13.65314945      0.93529316       0.92664729       0.99609761       0.99485492      
     146.500 2.07559766       7.44565148       2.98890495       0.83839237       0.87361204       0.92607927       0.98731402       66.10902695      83.01601148      116.81900750     148.56247177     25.68403563      16.82256383      14.81783895      13.48150381      0.93119728       0.92347989       0.99506593       0.99463144      
     147.000 2.07119878       6.79050105       2.97713511       0.82153113       0.81688064       0.91554199       0.98711700       61.27646906      85.14337767      121.33805487     148.56247177     25.41278394      17.14486000      15.01439790      13.06177129      0.94601937       0.94328036       1.01455014       0.99440796      
     147.500 2.09809739       6.82604429       2.96536546       0.75155281       0.83643852       0.92595509       0.98691998       60.50610914      90.70336563      127.63654819     156.27414753     24.74024349      17.47333089      15.19518952      12.97940614      0.91110307       0.94841826       1.00225348       0.99418448      
     148.000 2.21006505       6.66747072       2.95360537       0.71160080       0.83973162       0.92594737       0.98672296       62.84673828      89.56305455      129.26160857     156.27414753     24.08341631      17.58421374      15.40551893      13.48150381      0.86230884       0.93834686       0.98951147       0.99396101      
     148.500 2.12226924       6.10389346       2.94179990       0.72689217       0.82218491       0.90828708       0.98652594       60.50610914      81.92489104      116.81900750     154.30948898     23.37487664      17.59116512      15.39680631      13.65314945      0.85130335       0.93109146       0.98945365       0.99373753      
     149.000 2.08487387       6.90092594       2.93543831       0.72983533       0.79219684       0.87981324       0.98632892       56.79717027      80.99193692      112.46826504     150.45395966     24.81816890      17.03368416      15.01210645      13.22807292      0.94674305       0.94309564       0.98931672       0.99351405      
     149.500 2.07056657       5.51898484       2.93613293       0.75104364       0.81199378       0.88247698       0.98613190       60.89007082      90.83702343      118.30633964     160.35995649     26.51300195      17.68516314      15.10737078      13.31201607      0.94589007       0.91327578       0.98552748       0.99329057      
     150.000 2.17421346       5.39023067       2.93437437       0.70094846       0.73555988       0.80999163       0.98593488       69.76095435      99.15404870      137.70258199     207.92216925     28.98383983      18.38034773      15.49451187      13.48150381      0.90268656       0.92601739       0.98904335       0.99306709      
     150.500 2.15879992       5.38986856       3.14779549       0.82039893       0.84209784       0.85586829       0.98573786       74.08176389      99.23922790      143.02949329     172.38534257     27.20717146      18.03482635      15.10737078      12.89756037      0.95491453       0.97093859       1.00869548       0.99284361      
     151.000 2.08745082       5.39208998       3.16675723       0.84953767       0.79385104       0.91841370       0.98554085       76.94755608      94.37640351      132.57406324     174.91637278     27.55357143      18.49698635      15.39680631      13.39649190      0.96400412       0.96260058       0.98996002       0.99262013      
     151.500 2.05160932       5.39470678       3.16237449       0.80622670       0.79668885       0.88062864       0.98534383       77.92724745      97.92024895      137.70258199     177.58561079     28.43898963      18.73248880      16.09390434      14.27130255      0.94183335       0.95507354       0.98476693       0.99239666      
     152.000 2.11633745       5.40324681       3.15681939       0.83849406       0.85871723       0.92715408       0.98514681       76.94755608      97.85667052      135.97140278     164.38612589     27.90438174      18.61436514      15.99241911      14.54472022      0.95731823       0.96262470       0.97852975       0.99217318      
     152.500 2.04088903       5.53985968       3.15137381       0.87010858       0.91540744       1.00609719       0.98494979       83.01601148      100.36434305     143.63394932     160.27882483     30.02910577      18.49698635      16.50632632      15.01210645      1.02311433       0.95698883       0.99671237       0.99194970      
     153.000 1.99007293       7.02988868       3.14632209       0.93254193       0.95022108       1.07980069       0.98475277       89.56305455      113.90020380     164.38612589     162.31948458     31.63666993      19.45713974      17.47333089      15.79136447      1.04659736       0.94309986       1.01896046       0.99172622      
     153.500 2.14286883       7.53336269       3.14127147       0.94507534       0.95794706       1.09387153       0.98455575       89.56305455      116.81900750     156.27414753     166.47907954     29.44909779      19.09137638      16.52079017      15.10737078      0.97890477       0.94766644       0.99041771       0.99150275      
     154.000 2.08926311       7.55742476       3.13622082       0.89177173       0.90215769       1.04859486       0.98435873       81.99984776      104.24685524     143.02949329     158.98615187     26.94629849      17.92110202      15.45084379      14.63701859      0.95464958       0.94101659       0.97222299       0.99127932      
     154.500 1.99889803       7.59634126       3.13117017       1.01710782       0.98664538       1.05144436       0.98416171       76.02046851      95.41165392      137.70258199     136.06651078     24.27911455      17.25365842      14.27130255      12.26110319      0.96281356       1.00172679       1.02035999       0.99105608      
     155.000 1.96330480       8.28380323       3.12611951       1.02165659       0.90566562       1.08529300       0.98396469       70.36184816      96.01712037      137.70258199     177.58418323     26.69571980      16.92931701      15.01210645      12.61514320      0.99190639       0.96584746       1.03276099       0.99083352      
     155.500 2.18881406       9.11393608       3.12106886       0.81596526       0.76687782       0.92660123       0.98376767       73.29756242      99.10257540      134.26198774     179.31796496     27.03560800      17.03674764      15.10737078      12.89756037      0.93037016       0.92606292       0.99608415       0.99060016      
     156.000 2.10638458       9.65819363       3.11601821       0.75423577       0.73444555       0.78558304       0.98357065       67.80313518      88.43707930      117.11389827     172.91918600     24.78678988      16.71648381      14.54472022      12.66689955      0.88474598       0.89001825       0.95294487       0.99035676      
     156.500 1.97675017       9.66249216       3.11096755       0.75717561       0.74770088       0.79248462       0.98337363       66.10902695      85.14337767      119.99505670     168.59868054     22.22139430      16.29881090      14.18131032      12.82134538      0.82425540       0.87908353       0.93996912       0.99010997      
     157.000 2.06942826       10.52340394      3.10591690       0.73842010       0.74081930       0.77761991       0.98317661       67.80313518      85.14337767      114.03040029     188.93165153     20.85925427      16.40224044      13.82698048      12.33380925      0.76877901       0.88076752       0.98043398       0.98986286      
     157.500 1.95096066       9.68088503       3.10086625       0.74784995       0.75680753       0.79524618       0.98297959       62.84673828      76.94755608      109.52584987     137.70258199     20.20982321      16.09390434      13.65314945      12.74080707      0.76231156       0.89011717       0.95355056       0.98961567      
     158.000 1.86138145       9.70809989       3.09581559       0.83374671       0.81842158       0.87854118       0.98278257       58.95216804      76.94755608      111.05432843     132.57406324     21.42087662      15.79136447      13.91472419      12.81623071      0.75471363       0.90383513       0.95656802       0.98936848      
     158.500 1.99528618       9.71486166       3.09076494       0.92192594       0.88068508       0.94566197       0.98258555       62.90777648      81.97234483      116.81900750     139.45580247     23.08101069      15.99241911      13.73979006      12.18378691      0.92132838       0.94252459       0.98393102       0.98912129      
     159.000 1.92332877       9.73925400       3.08571429       0.88274622       0.88109589       0.94476571       0.98238853       62.84609618      84.07296603      112.46826504     135.97140278     23.22747894      15.59283746      14.09188557      12.26110319      0.89786546       0.92983374       0.98497699       0.98887411      
     159.500 1.92731123       8.90901942       3.08066363       0.89713127       0.90453343       0.94186053       0.98219151       58.88531603      79.92420909      106.91828248     130.90735911     20.99162362      15.59283746      13.14465911      11.87936657      0.81836829       0.93500261       0.97331736       0.98862692      
     160.000 1.83535016       8.44669780       3.07561298       0.82887666       0.80580209       0.80304751       0.98199449       65.14165909      85.10822801      106.91828248     154.30948898     20.85925427      16.10444408      14.63701859      13.31201607      0.76452336       0.88114767       0.94474910       0.98837973      
     160.500 1.75203513       7.33369518       3.07056233       0.83437607       0.85016991       0.85507556       0.98179747       67.09752676      88.49719478      112.46826504     141.94787545     22.22139430      16.08549556      14.45300387      14.09188557      0.80572755       0.86201849       0.92741780       0.98813254      
     161.000 1.89612024       6.84626365       3.06550704       0.86041433       0.87114670       0.93025344       0.98160045       62.72740897      87.31643704      111.05432843     134.26198774     22.50431567      15.78571474      13.73979006      13.14465911      0.86642568       0.87015079       0.94482372       0.98788536      
     161.500 2.02004198       6.84120422       3.06044902       0.86124848       0.86900367       0.94313374       0.98140343       60.64300283      85.17247655      113.90020380     137.70258199     22.50431567      15.49561916      14.00302471      12.57530590      0.88836958       0.89535761       0.96285320       0.98763817      
     162.000 1.99736220       6.81577901       3.05571718       0.90547151       0.91961910       0.99823712       0.98120642       64.45724719      81.97234483      115.35037392     129.37707030     23.22747894      15.69178701      13.73979006      12.49600832      0.92625020       0.92336405       1.00142423       0.98739098      
     162.500 2.01412351       8.09676805       3.05216468       0.92839357       0.91747170       0.99427380       0.98100940       56.79717027      75.02496817      108.27955922     129.15789803     22.43324941      14.91744285      13.22807292      11.58255237      0.91486404       0.93799315       1.01342141       0.98714380      
     163.000 1.90207762       8.95867727       3.05523940       0.97915740       0.91271177       0.95532078       0.98081238       53.99439471      66.95072286      104.24685524     134.57407257     21.66617740      14.82337617      12.33891010      10.53405257      0.90202142       0.95095800       0.99834981       0.98689661      
     163.500 1.80011532       10.67090675      3.13827272       0.90935128       0.87694938       0.95176149       0.98061536       52.64530741      67.85869212      99.10257540      116.54162021     17.67342642      14.54472022      12.97940614      11.08086091      0.80157834       0.94725924       1.01061927       0.98664942      
     164.000 1.89654117       11.93382554      3.16255548       1.08563061       0.94401885       1.02463965       0.98041834       56.08312352      63.74082411      94.21215084      102.83538159     14.60926775      14.03924167      12.97940614      11.36481877      0.70307794       0.90408438       0.99602436       0.98640223      
     164.500 1.81077552       12.40295897      3.16236225       1.08728274       0.94775502       1.01071730       0.98022132       48.18347604      65.12502148      85.14337767      102.94968863     13.14465911      13.44743450      12.41721077      11.43693801      0.70239766       0.87913531       0.96848497       0.98615505      
     165.000 1.47759340       12.21753840      3.15640085       1.08690497       1.04074029       1.06724924       0.98002430       48.79694497      67.03864361      84.07296603      90.64420046      12.53559441      12.81623071      12.22238391      11.11596395      0.70137751       0.87069047       0.96230730       0.98590786      
     165.500 1.45693582       11.86538993      3.28635776       1.08676796       1.09298179       1.03386014       0.97975082       74.14538950      84.88914775      91.56626865      104.26215354     12.95293110      12.81623071      11.22194172      10.14172815      0.69731480       0.91394976       0.97228105       0.98569476      
     166.000 1.45674842       13.13995737      3.28132335       1.08658537       1.08463923       1.08007459       0.97963739       95.06023305      105.00496049     137.20266313     101.64217545     18.39544936      14.70734990      11.36481877      9.88833006       0.88349346       0.97662938       0.96900231       0.98545682      
     166.500 1.51118438       14.05223922      3.28061902       1.08658537       1.07777323       1.08089086       0.97980917       108.16718198     118.30633964     133.83597058     147.31470923     25.41229570      15.98775605      12.03061390      10.33602910      1.05966151       1.00536056       0.96743943       0.98508611      
     167.000 1.49085477       13.99067519      3.28059472       1.08658537       1.07761458       1.08265641       1.00337384       113.94057524     130.90735911     146.40008079     189.03127284     25.03795956      16.51186317      11.73002069      9.82597605       1.01548751       1.04154916       0.97255899       0.97346928      
     167.500 1.52689777       14.93391988      3.28057554       1.08658537       1.07762376       1.08465056       1.07521089       119.81260840     139.33532036     177.35040863     217.14222388     26.76335387      17.47333089      13.14465911      10.22121883      0.99386738       0.96228386       0.96821874       0.94504370      
     168.000 1.56822152       16.35094013      3.28082622       1.08658537       1.07765564       1.08501568       1.02870785       126.03191787     141.30371786     191.33711724     243.32953760     29.53912858      17.92110202      13.65314945      10.72055107      1.01562009       0.93854820       0.96452130       0.97367669      
     168.500 1.52508666       14.84518810      3.28133336       1.08658537       1.07786697       1.08504679       1.07505948       119.81260840     139.20444632     177.35040863     217.14222388     26.76335387      17.47333089      13.14465911      10.21810510      0.99389765       0.96316137       0.96837303       0.96514136      
     169.000 1.52508666       14.84518810      3.28133336       1.08658537       1.07786697       1.08504679       1.07505948       119.81260840     139.20444632     177.35040863     217.14222388     26.76335387      17.47333089      13.14465911      10.21810510      0.99389765       0.96316137       0.96837303       0.96514136      
     169.500 1.52508666       14.84518810      3.28133336       1.08658537       1.07786697       1.08504679       1.07505948       119.81260840     139.20444632     177.35040863     217.14222388     26.76335387      17.47333089      13.14465911      10.21810510      0.99389765       0.96316137       0.96837303       0.96514136      
     170.000 1.52508666       14.84518810      3.28133336       1.08658537       1.07786697       1.08504679       1.07505948       119.81260840     139.20444632     177.35040863     217.14222388     26.76335387      17.47333089      13.14465911      10.21810510      0.99389765       0.96316137       0.96837303       0.96514136      
    