      92.000 70.70312500      8.14843750       12.89062500      1.00625000       0.83125000       3.21813725       2.41062290       19.98106061      24.33712121      10.32196970     
      92.500 71.61458333      8.22656250       14.45312500      1.00625000       0.73125000       3.30378218       2.41062290       19.98106061      26.23106061      9.56439394      
      93.000 73.81184896      8.22656250       15.23437500      1.00625000       0.64375000       3.76743378       4.14561075       18.21197466      25.85227273      7.85984848      
      93.500 70.64887153      8.22656250       13.67187500      1.00625000       0.55625000       5.43583367       7.21072362       14.96944895      17.68728956      5.77651515      
      94.000 65.35915799      8.14843750       10.54687500      1.00625000       0.54375000       10.15518738      15.08340134      11.72692325      11.64772727      3.88257576      
      94.500 62.46688532      8.07294664       8.15677900       1.00625000       0.60214071       15.40408108      15.06203245      9.57594418       8.61742424       2.36742424      
      95.000 60.29806813      7.98250150       5.90371945       1.00625000       0.68883925       28.77779917      21.31273506      7.65270630       7.29166667       1.60984848      
      95.500 59.74137220      7.98910158       5.81955007       1.00625000       0.78862628       35.12589319      15.88373804      7.48850566       7.85984848       1.60984848      
      96.000 59.66333936      7.99092190       5.74727552       1.00625000       0.85063262       32.46435989      11.49336652      8.23348770       9.37500000       2.74621212      
      96.500 60.57006418      7.99168367       6.64124106       1.00625000       0.87235805       37.02039639      10.01977901      8.99373461       9.94318182       3.12500000      
      97.000 61.55841205      7.99196080       7.59307310       1.00625000       0.84256553       34.08801767      9.44161618       9.18560606       10.13257576      3.31439394      
      97.500 62.08441020      7.99177554       9.77248197       1.00625000       0.85793215       29.95796193      9.45033146       9.37500000       9.75378788       3.88257576      
      98.000 62.02185953      7.99110872       11.35787888      1.00626332       0.91918158       30.02761660      9.14260448       8.99621212       9.37500000       4.45075758      
      98.500 59.56019399      7.98967496       10.53486007      1.00638397       0.97342936       27.71876128      7.78312678       8.99621212       9.18560606       5.20833333      
      99.000 49.41884872      7.97856199       9.01813143       1.00649868       1.00127408       36.12021733      6.36736688       8.80681818       8.99621212       6.15530303      
      99.500 45.14084257      7.91539006       7.59786487       1.00663000       0.99522518       45.73165361      5.37605486       9.80179332       9.18560606       8.04924242      
     100.000 41.62379160      7.91426601       7.47561665       1.00817229       0.98839454       42.17208735      4.77452639       11.00794835      10.51136364      10.13257576     
     100.500 37.54404437      7.91397447       9.49284037       1.01798228       0.97882876       35.96812564      4.18386122       12.21410338      12.02651515      12.02651515     
     101.000 32.82147610      7.91394090       7.42496516       0.96727385       0.94066147       37.11112008      3.57329112       13.42025841      13.35227273      13.35227273     
     101.500 29.85519398      7.91396855       6.49961474       0.93336697       0.93107393       34.26700091      3.30522160       14.62641344      14.67803030      15.24621212     
     102.000 28.64015209      7.91406250       7.55847047       0.96768819       0.92976021       28.47704989      3.05174802       15.62500000      15.24621212      16.19318182     
     102.500 28.54579498      7.91406250       9.07570348       1.00881360       0.92426314       23.68779930      2.67599173       15.81439394      15.43560606      16.57196970     
     103.000 27.98343229      7.91406250       9.01243153       1.00624364       0.98057173       21.32540749      2.67924872       15.24621212      14.86742424      15.43560606     
     103.500 26.98497090      7.91406250       8.99641595       1.00447360       1.00724618       23.68779930      2.41287541       13.73106061      13.92045455      13.92045455     
     104.000 25.50236155      7.91406250       8.98739009       1.00300091       1.00662729       24.96539277      2.34569219       14.10984848      13.73106061      13.35227273     
     104.500 24.49481222      7.91415645       8.97392630       1.00156657       1.00645732       24.96539277      2.22588912       15.05681818      14.67803030      12.97348485     
     105.000 24.49881777      7.91418410       8.94453929       1.00018445       1.00638185       23.68779930      2.11395168       14.48863636      14.29924242      13.16287879     
     105.500 25.46889177      7.91415053       8.19941415       0.99883933       1.00628799       24.96539277      2.00577110       13.92045455      13.73106061      13.16287879     
     106.000 25.62411803      7.91385899       7.45412710       0.99743525       1.00625000       27.73101588      1.90312661       13.54166667      13.73106061      12.97348485     
     106.500 25.82674880      7.91273494       7.42423344       0.99601894       1.00625000       26.31189281      1.85379129       14.48863636      14.48863636      13.35227273     
     107.000 26.03718815      7.84956301       7.37811379       0.99440229       1.00625000       24.96539277      1.90312661       15.05681818      15.43560606      13.35227273     
     107.500 26.25038042      7.83840306       8.45866408       0.98169125       1.00625000       25.62980177      1.90312661       15.24621212      16.19318182      12.78409091     
     108.000 26.46438626      7.83699710       9.77943553       0.97261013       1.00625000       27.73101588      1.90312661       14.86742424      15.81439394      12.40530303     
     108.500 26.67971372      7.83650069       10.47588821      1.01760640       1.00625000       27.73101588      2.00577110       14.48863636      15.05681818      11.64772727     
     109.000 26.89473826      7.83695223       8.94538933       1.01332506       1.00625000       24.96539277      2.11395168       14.86742424      15.05681818      11.45833333     
     109.500 27.10805020      7.83893153       9.74641750       1.00745209       1.00625000       24.96539277      2.22796696       15.24621212      15.81439394      11.26893939     
     110.000 27.32134372      7.87812801       11.11216444      1.00154751       1.00625000       30.80300993      2.31749610       14.77272727      14.96212121      11.26893939     
     110.500 27.53300351      7.92809108       10.52022125      0.99566224       1.00625000       31.62277660      2.47477729       13.92045455      13.73106061      11.26893939     
     111.000 27.71908187      8.05673563       9.84179217       0.98983076       1.00625000       32.46435989      2.67766754       13.35227273      12.97348485      11.07954545     
     111.500 28.00360490      8.07956926       8.15032509       0.98459710       1.00630696       34.21531419      2.74892884       12.97348485      12.97348485      10.89015152     
     112.000 29.91599406      8.14269053       7.57356040       0.96569013       1.00643561       36.06070562      2.74892884       13.35227273      13.73106061      10.51136364     
     112.500 30.91420680      8.13221292       8.81004092       0.95776984       1.00646606       37.02039639      2.74892884       13.35227273      13.94842011      10.08796228     
     113.000 30.74156751      8.05924525       8.81327594       0.98428957       1.00621007       38.00562761      2.82208664       12.97348485      12.95311647      9.79836886      
     113.500 29.41793305      7.99670995       8.16575210       0.96681158       1.00531950       46.89242167      2.97429493       12.59469697      12.78797848      10.66286610     
     114.000 27.14292366      8.00181796       9.25092122       0.81930506       0.96225000       49.42154861      3.13883192       13.82996633      14.30028470      13.55018711     
     114.500 26.06781871      7.90842491       10.53697540      0.68149702       0.79046719       50.73681418      3.47321717       16.90551347      16.78983011      16.40465675     
     115.000 24.58320705      7.92076564       7.37265164       0.54211485       0.62284480       52.08708317      4.02311769       19.98106061      19.29221839      18.62100414     
     115.500 23.58550462      7.82901829       6.64765908       0.49103838       0.55795177       59.39696556      4.66008176       20.35984848      20.92803030      20.17045455     
     116.000 22.45642828      7.84669324       6.64421378       0.48219887       0.54223192       64.26652106      5.15652841       20.35984848      20.54924242      19.79166667     
     116.500 21.41102289      7.91160300       6.64319900       0.50722067       0.54347026       78.56826237      5.56464242       19.03409091      19.22348485      18.46590909     
     117.000 21.46524570      7.91349863       6.63987971       0.42648028       0.54589565       100.08758910     6.37063186       17.89772727      18.46590909      16.38257576     
     117.500 21.48923473      7.91400706       6.63433052       0.40408117       0.56672438       137.65223586     6.25068418       17.70833333      17.89772727      16.19318182     
     118.000 22.12565905      7.91418410       6.01203273       0.47610883       0.58080821       112.40551389     6.08233648       17.32954545      17.70833333      16.38257576     
     118.500 22.23906490      7.91415645       5.94171345       0.53870216       0.59364685       81.40412038      5.91852284       17.32954545      17.51893939      15.62500000     
     119.000 22.25483716      7.91406250       4.85479324       0.60155266       0.61626416       65.97685885      5.75912114       17.14015152      16.95075758      14.48863636     
     119.500 22.26150543      7.91406472       3.63118204       0.63662829       0.67922563       59.39696556      5.58660916       16.38257576      16.38257576      13.35227273     
     120.000 22.26479273      7.91406735       2.88829519       0.66189968       0.75825526       64.26652106      5.36295693       15.62500000      15.46191077      12.87878788     
     120.500 22.26562500      7.91407106       2.76579241       0.68598991       0.83437982       69.53529848      5.12128518       14.48863636      14.42287458      12.21590909     
     121.000 22.26419026      7.91407675       2.74529870       0.73618505       0.91061342       59.39696556      4.89050393       12.78409091      13.38383838      11.64772727     
     121.500 22.25964714      7.91406407       2.13526325       0.85848622       0.99406676       57.85720031      4.67012240       12.21590909      12.34480219      11.07954545     
     122.000 22.24854644      7.91183271       2.77864655       0.85753353       1.00643819       67.73271420      4.29615407       11.45833333      11.45833333      8.80681818      
     122.500 22.22494629      7.90918107       4.14589254       0.82675552       1.01643433       81.40412038      4.04553277       11.07954545      11.07954545      6.34469697      
     123.000 22.15068205      7.90652243       4.29616673       0.75642146       1.01388570       81.40412038      3.82572936       13.13041126      11.94181985      5.96590909      
     123.500 23.04428553      7.90386154       4.38741160       0.68215229       0.89153770       60.97770889      3.61786839       15.42816558      14.82996559      10.83996212     
     124.000 24.52850896      7.90119934       3.49850468       0.62948715       0.77150347       46.89242167      3.57463694       17.72591991      17.72349783      16.00189394     
     124.500 26.16639415      7.89853852       2.65111380       0.60346467       0.67602793       43.33932363      3.41903602       19.79166667      20.52401781      20.54924242     
     125.000 26.27676596      7.89587823       4.25736052       0.61204965       0.67722236       37.02039639      3.22754265       20.92803030      21.15137898      20.73863636     
     125.500 24.75624814      7.89321794       5.81040109       0.64261023       0.71933958       34.21531419      3.04677444       20.93004400      20.54924242      20.35984848     
     126.000 23.18236750      7.89055765       6.43811001       0.68131097       0.75513983       31.62277660      2.87613070       20.54558719      20.35984848      20.17045455     
     126.500 22.18570373      7.88789736       7.50654473       0.75136195       0.76624455       27.73101588      2.72542564       20.36783686      20.35984848      20.35984848     
     127.000 22.25428612      7.88523707       7.50635797       0.85656646       0.77775194       23.68779930      2.61881433       20.35722328      20.54924242      20.35984848     
     127.500 22.89943272      7.88257678       5.30791348       0.99844824       0.82574774       19.19861776      2.51637337       19.79093625      19.22348485      19.60227273     
     128.000 23.01666330      7.87991649       5.27407548       1.00615437       0.90234444       18.70092627      2.41793962       18.84469697      18.84469697      18.65299240     
     128.500 23.03668756      7.87725620       6.62859739       1.00916531       0.94288693       20.20872665      2.32335634       17.89772727      17.89772727      17.90725173     
     129.000 23.05603104      7.87459591       7.94443215       0.94332411       0.97100956       21.94548682      2.23247290       17.70833333      17.70833333      17.69217528     
     129.500 23.69103763      7.87193561       9.01324561       0.94180021       0.96944644       23.16282736      2.14514457       17.51893939      17.51893939      18.10126593     
     130.000 23.80299965      7.86927532       8.33593540       1.00777764       0.99756541       20.31605587      2.11395168       17.70833333      17.51893939      18.45114512     
     130.500 23.81733716      7.86661503       8.19603644       1.00712942       0.97636882       18.63332227      2.11395168       18.08712121      17.51893939      18.48183900     
     131.000 23.82400543      7.86395474       8.65053018       1.00638500       0.92099812       18.21613658      2.11369162       18.46590909      17.51893939      18.65530303     
     131.500 23.82729273      7.86129445       7.24420097       0.96414736       0.88067789       18.70092627      2.11383151       19.60227273      19.60227273      19.98106061     
     132.000 23.82812500      7.85863416       5.12816673       0.99790200       0.86894778       16.83587689      2.11396844       20.35984848      20.54924242      21.11742424     
     132.500 23.82812500      7.85597387       4.41286704       1.00651021       0.91102209       15.56020123      2.11415226       19.41287879      18.64741162      20.54924242     
     133.000 23.82812500      7.85331358       5.97515398       1.00639898       0.97160068       15.56020123      2.11438141       18.65530303      17.14015152      19.79166667     
     133.500 23.82382077      7.85065329       5.97754253       1.00631845       0.98142571       16.83587689      2.11371226       18.46590909      16.76136364      19.60227273     
     134.000 23.81458999      7.84789732       4.44160098       1.00631537       0.98056466       16.83587689      2.07395958       18.08712121      16.95075758      19.98106061     
     134.500 23.79182096      7.84506284       3.38328120       1.00626503       0.99739884       15.56020123      2.03551195       17.89772727      16.76136364      19.22348485     
     135.000 23.73374607      7.84228844       1.86015111       1.00625000       1.00711248       15.15682949      1.99832576       17.70833333      16.76136364      18.46590909     
     135.500 23.52729983      7.84006121       1.91854176       1.00625000       1.00773519       15.15682949      1.96151145       17.14015152      16.95075758      17.70833333     
     136.000 26.25231645      7.83867034       1.93688992       1.00619502       1.00842688       15.15682949      1.92569087       16.76136364      16.57196970      17.51893939     
     136.500 27.85961812      7.89871621       1.95357979       1.00605766       1.00916002       16.39943544      1.88991675       16.95075758      16.57196970      18.27651515     
     137.000 27.13454206      8.02978600       1.98045289       1.00584517       1.00989595       15.56020123      1.85440673       17.32954545      16.95075758      18.46590909     
     137.500 26.52226216      8.22100882       2.64486351       1.00541208       1.01064401       17.74391424      1.85357598       17.70833333      17.51893939      18.08712121     
     138.000 26.20972088      8.13850955       3.51395419       1.00070749       1.01140693       19.19861776      1.85389018       17.70833333      17.14015152      16.95075758     
     138.500 26.30462683      8.08649264       4.33034882       0.98401555       1.01216985       22.47558615      1.85346064       16.95075758      16.57196970      15.81439394     
     139.000 26.39817959      7.85634797       3.42171221       1.00669906       1.01293276       22.47558615      1.85409783       15.81439394      16.00378788      15.43560606     
     139.500 26.49405866      7.83989672       3.56644279       1.00891653       1.01369568       23.68779930      1.87250584       15.62500000      15.81439394      16.19318182     
     140.000 26.58944135      7.84229609       5.82505389       1.01088513       1.01445859       20.77258259      1.92290709       16.38257576      16.00378788      16.95075758     
     140.500 26.68439531      7.84574940       6.64103422       1.01272132       1.01524120       19.19861776      1.97349361       16.57196970      16.38257576      17.32954545     
     141.000 26.77877551      7.84956755       7.72513427       1.01437099       1.01603868       19.97009947      2.02602822       16.76136364      16.35771300      17.34039203     
     141.500 26.87315570      7.85388526       7.07561882       1.01585128       1.01677758       20.77258259      2.07996116       16.57196970      15.54416603      17.13142573     
     142.000 26.96753590      7.85822560       7.93324105       1.01706436       1.01740377       21.04718005      2.13480390       16.38257576      15.43230899      16.67384415     
     142.500 27.06191610      7.86256245       7.63835517       1.00742008       1.01771559       23.07373342      2.17051811       16.85606061      16.66202213      16.19002262     
     143.000 27.15629629      7.86689929       6.45634576       0.95722230       1.00370691       23.68779930      2.17014129       17.32954545      17.33094911      16.19071477     
     143.500 27.25066230      7.87123614       5.86227068       0.99874462       0.95856226       20.50156773      2.17003925       17.90616319      17.70833333      16.28787879     
     144.000 27.34546292      7.87557299       5.86092148       1.00573744       0.93411373       17.97847505      2.17059573       18.08579904      18.75000000      16.95075758     
     144.500 27.44344156      7.87990983       5.86745078       1.00602875       0.93186041       17.74391424      2.17080783       18.08656465      18.84469697      16.85606061     
     145.000 27.54634466      7.88424668       5.88204145       1.00616143       0.96210088       18.45693980      2.13154920       17.80586476      16.99810606      16.28787879     
     145.500 27.65947098      7.88858353       5.99307092       1.00621797       0.99313224       21.32540749      2.09680805       16.09790547      15.43560606      15.34090909     
     146.000 27.88349329      7.89292102       6.61999835       1.00601805       0.99464241       25.96860791      2.06322550       15.05478563      15.05681818      13.63636364     
     146.500 28.88817890      7.89716696       6.61864310       1.00562705       0.99594368       27.73101588      2.03027524       14.87072217      14.96212121      13.25757576     
     147.000 29.26607266      7.90147722       6.25301051       1.00350055       0.99712936       27.73101588      1.99765739       15.04884719      15.62500000      13.16287879     
     147.500 29.26702755      7.90584558       5.88385517       0.98166257       0.99825894       26.31189281      1.96480749       15.53874027      15.71969697      13.16287879     
     148.000 29.55343568      7.91046234       5.87623105       0.97005875       0.99936687       26.31189281      1.95276484       15.14429420      15.43560606      12.59469697     
     148.500 30.75147606      7.91536270       6.48151589       0.98247556       1.00051929       30.00449432      1.95374665       14.77139415      15.43560606      12.21590909     
     149.000 32.28419289      7.97857971       6.18980776       1.01987687       1.00168731       29.61303294      1.95377489       14.78411896      15.43560606      12.02651515     
     149.500 31.17651457      7.98968656       3.94724058       1.03013499       1.00286895       27.01213648      2.01879858       15.88905362      15.81439394      13.54166667     
     150.000 30.18178491      7.99111572       3.62826664       1.03386608       1.00400391       23.68779930      2.12736757       16.21677571      16.00378788      15.24621212     
     150.500 29.21672478      7.99187293       3.70977258       0.99471001       1.00507296       23.07373342      2.24177530       16.36171886      15.62500000      15.81439394     
     151.000 28.48631661      7.99222588       4.43526058       0.98011462       1.00583011       24.96539277      2.36233576       15.64023619      15.24621212      15.81439394     
     151.500 28.50396594      7.99227553       5.07766427       0.99319147       0.99441664       26.31189281      2.48937985       15.61570436      15.25084352      15.81439394     
     152.000 28.50978828      7.99198399       5.11620339       1.00539429       0.95518181       23.68779930      2.62325624       15.81744565      15.04380275      16.38257576     
     152.500 28.51283638      7.99085435       5.86371183       1.00581854       0.93255914       19.97009947      2.82208664       16.38547627      15.35605432      17.04545455     
     153.000 28.51433513      7.92767303       6.61356764       1.00590233       0.89488263       18.70092627      2.77316548       16.75245611      15.98763370      17.51893939     
     153.500 28.51491818      7.91655853       6.65622588       1.00577564       0.89281078       17.74391424      2.69419023       16.77432534      16.59070161      17.70833333     
     154.000 28.51482813      7.91514224       6.78849896       1.00336743       0.90851984       18.70092627      2.61722928       17.13008240      16.92994068      17.30729220     
     154.500 28.51559195      7.91455267       7.46065974       0.98734767       0.93915170       21.32540749      2.54305959       17.14650079      16.78565289      16.58509293     
     155.000 28.51903795      7.91831408       8.84558956       1.00696126       0.97723583       21.89294482      2.47052625       16.76179396      16.36136991      16.20384168     
     155.500 28.70001444      7.93033516       9.69937540       1.00725885       0.99339853       22.47558615      2.40013473       16.37993697      16.02087912      15.59351907     
     156.000 29.30592870      7.94218499       9.73428510       1.00021723       0.99472395       26.31189281      2.33183394       15.43951718      15.23455723      14.15057089     
     156.500 29.90342342      7.95399946       9.73676235       0.94513560       0.99572664       29.33526097      2.26539056       15.05321585      15.24621212      13.16287879     
     157.000 30.49967043      7.96579745       9.68616709       0.96827594       0.99659942       30.08070403      2.20087591       14.67793618      14.86742424      12.59469697     
     157.500 31.09564697      7.97758506       10.64009689      0.98152746       0.99739807       29.97651774      2.13819854       14.49126740      14.86742424      12.59469697     
     158.000 31.69065196      7.98935997       10.58594324      1.01435176       0.99821154       29.92684355      2.10545521       14.67265219      15.05681818      12.78409091     
     158.500 32.28567483      8.00113488       9.99735439       1.03031123       0.99904670       30.68816353      2.09149232       14.49083525      14.86742424      13.16287879     
     159.000 32.41795282      8.01291157       8.92989053       1.02228581       0.99988187       27.73101588      2.07762202       14.49036039      15.04211488      12.59469697     
     159.500 32.42563650      8.02474173       8.95979627       0.96543392       1.00071703       27.73101588      2.06384371       14.86241201      15.06715185      12.59469697     
     160.000 32.44414176      8.03649174       8.33105633       0.96847398       1.00155220       29.22667886      2.05915108       15.06173537      15.24099454      13.16287879     
     160.500 33.47082720      8.04807989       7.60909538       0.98536047       1.00238776       28.09759845      2.11048432       15.05343642      15.24764409      13.35227273     
     161.000 36.26359403      8.05934406       7.55054811       0.99399798       1.00322367       27.01213648      2.19529251       15.06187097      15.05635232      13.54166667     
     161.500 36.15871404      8.06831815       6.59941593       0.96380822       1.00405925       28.09759845      2.34470776       15.14265237      15.43801358      13.54166667     
     162.000 36.01745794      8.03129810       6.76179178       0.93487657       1.00489404       29.61303294      2.54379303       15.24621212      15.43560606      13.16287879     
     162.500 35.86897091      7.99422225       7.46312787       0.89701927       1.00572706       32.04080524      2.70061589       14.77272727      15.24621212      12.50000000     
     163.000 35.71498683      7.99325963       9.12576888       0.83376439       1.00627136       38.00562761      2.76001136       14.67803030      15.24621212      12.21590909     
     163.500 35.53022163      7.99343756       10.77474169      0.78427473       1.00625789       49.42154861      2.82214373       14.48863636      15.24621212      11.83712121     
     164.000 37.80702883      7.99468085       11.34880863      0.84112064       1.00625419       45.67681543      2.88543316       14.29924242      14.86742424      11.45833333     
     164.500 39.68625974      8.00576603       11.33917203      0.90086762       1.00625211       40.58495035      2.94972731       13.73106061      14.10984848      10.98484848     
     165.000 42.27207302      8.06898494       11.38296009      0.91926913       1.00625078       45.08088107      3.08801586       13.06818182      13.35227273      9.84848485      
     165.500 45.94858653      8.07010899       13.27446824      0.92550946       1.00634889       46.89242167      3.30378218       12.31060606      13.25757576      8.61742424      
     166.000 48.46970969      8.07040053       14.55074684      0.98980831       1.00647076       44.49272173      3.70609331       11.36363636      11.64772727      7.00757576      
     166.500 52.22670720      8.07043410       14.50957524      1.00610823       1.00655258       35.88890839      4.29615407       10.70075758      10.98484848      5.96590909      
     167.000 55.31237731      8.07050041       14.62125516      1.00626968       1.00662727       29.64840829      4.97689152       10.32196970      10.70075758      4.92424242      
     167.500 58.42861833      8.07043410       15.89033036      1.00631010       1.00508724       24.31820745      6.29784569       9.94318182       10.22727273      3.97727273      
     168.000 54.56044648      8.07067286       14.31103015      1.00629888       1.00860176       31.59761754      4.70569282       10.32196970      10.70075758      5.39772727      
     168.500 54.56044648      8.07067286       14.31103015      1.00629888       1.00860176       31.59761754      4.70569282       10.32196970      10.70075758      5.39772727      
     169.000 54.56044648      8.07067286       14.31103015      1.00629888       1.00860176       31.59761754      4.70569282       10.32196970      10.70075758      5.39772727      
     169.500 54.56044648      8.07067286       14.31103015      1.00629888       1.00860176       31.59761754      4.70569282       10.32196970      10.70075758      5.39772727      
     170.000 54.56044648      8.07067286       14.31103015      1.00629888       1.00860176       31.59761754      4.70569282       10.32196970      10.70075758      5.39772727      
     
