      92.000 24.36708861      1.83653846       12.69230769      39.76153846      0.99375000       4.16573002       3.54971144       2.31667368       18.24324324      16.50579151     
      92.500 23.73417722      1.77884615       12.69230769      39.76153846      0.99375000       6.25511821       4.05609490       2.79219629       18.05019305      15.15444015     
      93.000 23.73417722      1.91346154       11.92307692      38.57692308      0.99375000       11.39674649      4.88865275       4.05609490       16.00937672      13.80308880     
      93.500 20.56962025      1.62500000       8.07692308       36.20769231      0.99375000       20.09503667      9.27217174       13.11476816      10.96249311      10.71428571     
      94.000 11.70886076      1.58653846       6.53846154       35.02307692      0.99375000       22.35737696      19.05121946      20.63819990      7.47609855       6.46718147      
      94.500 12.04589366      1.59528187       5.93293432       34.83268071      0.90537856       22.14642595      42.41182050      20.47980010      6.07418643       5.50193050      
      95.000 12.57555452      1.60195211       5.69178381       33.83395529      0.97408003       18.97485006      52.42798622      22.35737696      4.92277992       5.50193050      
      95.500 9.63011537       1.51524554       5.13874480       33.72086230      0.99223053       13.74259088      27.65599422      14.20723789      8.01158301       6.46718147      
      96.000 7.11833509       1.43556789       5.68739252       35.15163159      0.98776463       10.06870707      29.88690680      13.11476816      8.59073359       7.23938224      
      96.500 11.01596595      1.43496296       6.69233087       35.06130389      0.82568879       9.79654958       48.18559072      16.23396893      5.30888031       7.81853282      
      97.000 11.75168467      1.50089781       8.30492757       35.03769510      0.86365424       9.58904467       30.20589434      16.67276857      5.30888031       7.81853282      
      97.500 14.93888343      1.66439601       8.87539185       35.02219729      0.86593500       9.36280458       23.58233870      15.80671776      5.69498069       7.81853282      
      98.000 13.11375201      1.75036897       8.91038583       34.86473612      0.91888748       8.30357290       31.62277660      22.35737696      5.69498069       7.62548263      
      98.500 15.90088884      1.84393474       7.85245149       34.71785779      0.92094013       6.91715909       25.54676467      21.76896784      6.46718147       7.43243243      
      99.000 8.78207151       1.63177705       6.66290585       34.57332330      0.87884937       5.98240044       56.86253993      28.53363772      5.30888031       7.23938224      
      99.500 5.50822183       1.63796993       6.55398546       34.42872109      0.90817080       5.19465416       45.93695058      36.13391827      6.57032182       7.62548263      
     100.000 4.40452376       1.67279930       6.54043090       34.28412464      0.94197988       4.49808338       37.11060799      33.35539002      8.21283302       8.97683398      
     100.500 3.62679354       1.75623946       6.52933110       34.13961331      0.97764989       3.85125044       40.20194863      32.47753142      9.85534422       10.32818533     
     101.000 4.57129391       1.87428322       5.92170591       33.99509645      0.97220786       3.46898251       33.35539002      27.67482874      11.49785542      11.67953668     
     101.500 5.33872062       1.99471284       6.44615707       33.84464198      0.98149102       3.24028983       42.40461528      26.94647310      12.45173745      12.83783784     
     102.000 6.29338435       2.08569176       7.16498990       33.83879750      0.99328027       2.93726863       25.15797468      22.96169062      12.83783784      13.22393822     
     102.500 6.88558838       2.13191734       7.28361284       33.83846681      0.99362601       2.68014166       19.56616860      19.56616860      13.41698842      13.41698842     
     103.000 6.53570414       1.98554154       7.30612926       33.83838955      0.99371087       2.48113132       22.35737696      18.06162232      13.41698842      12.25868726     
     103.500 6.35296505       1.97854595       7.32870558       33.83951564      0.99374356       2.33279431       27.67482874      20.63819990      13.03088803      11.10038610     
     104.000 6.19160970       1.93982063       7.39075432       33.84377124      0.99375813       2.25570267       29.19113391      22.96169062      12.25868726      11.48648649     
     104.500 6.13985837       2.04644141       6.45955871       33.85252389      0.99363787       2.13853238       23.58233870      21.76896784      13.61003861      11.87258687     
     105.000 6.91181374       2.19453373       6.52345621       33.87166777      0.99339414       2.02744839       21.78492020      22.96169062      13.99613900      11.87258687     
     105.500 5.81726289       2.12320246       6.55590332       34.03499397      0.99281805       1.97408930       28.40921605      26.94647310      13.03088803      11.29343629     
     106.000 5.34418908       2.08857823       6.62928109       34.98382515      0.99149720       1.87154715       30.06653026      30.79051752      12.83783784      10.90733591     
     106.500 6.66410194       2.13044004       5.72254926       34.98165333      0.98280231       1.87154715       26.11954413      29.98016211      12.25868726      11.29343629     
     107.000 6.33901467       2.17837599       6.51554002       34.82032423      0.96487395       1.87154715       23.48433276      31.62277660      11.87258687      12.83783784     
     107.500 5.22405957       2.08810300       7.84320727       33.86554402      0.97554192       1.86763780       26.23728658      28.42287163      13.22393822      13.03088803     
     108.000 4.76677987       1.71815875       8.98128554       33.80763611      0.94888805       1.92703179       31.62277660      28.42287163      12.25868726      12.64478764     
     108.500 4.86733652       1.84680736       8.03250424       33.73181873      0.96900740       2.03200721       27.67482874      26.94647310      11.10038610      12.25868726     
     109.000 5.74269555       1.93078603       8.20339624       33.66085907      0.94211227       2.02327497       24.87441615      27.67482874      11.54440154      12.25868726     
     109.500 5.98995297       1.93604797       8.85806878       33.59154436      0.93160753       2.17875415       24.21976273      23.58233870      11.48648649      12.45173745     
     110.000 6.00599122       2.01991133       8.94464368       33.52324882      0.97551875       2.31354730       34.38681706      29.77586912      10.90733591      11.85531329     
     110.500 6.12407952       2.15935560       8.07153517       33.45420842      0.99247868       2.44360434       35.28200720      34.25697689      11.48648649      10.93263805     
     111.000 6.25323854       2.20050114       7.19501970       33.38519622      0.98994024       2.71871031       30.01310892      36.13391827      11.87258687      10.68875262     
     111.500 6.38061312       2.22180061       7.26247398       33.31618402      0.98751378       2.71871031       43.78947269      34.25697689      11.48648649      10.53731905     
     112.000 6.50376443       2.22968194       7.84551216       33.24717182      0.98534316       2.71871031       34.87765737      34.25697689      12.64478764      10.90231295     
     112.500 6.55239630       2.13497121       8.89124926       33.17815962      0.98448812       2.71816956       33.03865841      32.47753142      12.44139837      11.10038610     
     113.000 4.13565113       1.79471825       8.83502029       33.10914742      0.95317618       2.71921951       44.72796615      27.67482874      10.52336013      10.52123552     
     113.500 4.11520029       1.63813257       8.76578984       33.04013522      0.95076308       3.04587938       48.45383826      26.23728658      9.94884510       10.32818533     
     114.000 4.65988555       1.72341228       9.68489854       32.97109878      0.91180108       3.45977279       49.76353198      25.54676467      9.72425086       10.90733591     
     114.500 7.42064738       2.40645906       9.54305909       32.89973948      0.98027273       3.92970270       45.93695058      29.98016211      13.50531787      13.35424710     
     115.000 9.13505733       2.84001899       7.73807133       32.82700300      0.98242076       4.45871178       56.86253993      23.58233870      19.74556141      15.54054054     
     115.500 8.80872540       2.80454301       5.90018359       32.74816079      0.98402362       5.06627036       61.59923087      21.75853158      20.17374517      16.89189189     
     116.000 8.61634621       2.74285149       5.15498974       32.65625056      0.98541014       5.75619019       58.39951850      21.73845063      20.17374517      17.08494208     
     116.500 8.96117966       2.74348426       5.02903027       32.52563819      0.98672556       6.30116496       76.24991822      25.05966255      17.85714286      15.92664093     
     117.000 9.48215042       2.75053888       5.01042277       33.96467675      0.98797730       6.52057229       87.12733698      30.92096144      16.89189189      14.96138996     
     117.500 10.39066830      2.74821054       5.00499993       33.87697573      0.98921498       6.55544709       260.05063289     36.29096062      15.73359073      14.57528958     
     118.000 10.34194139      2.70369613       5.00347796       33.85416498      0.99040255       6.55544709       132.37765143     30.92032747      15.13811586      14.38223938     
     118.500 7.50000719       2.73003590       5.00240162       33.84440919      0.99144024       6.21851342       70.38665838      29.05786677      16.91338871      14.38223938     
     119.000 9.81481132       2.75355722       4.99869964       33.84076092      0.99208676       5.90678251       76.24991822      30.13094571      17.44949179      14.38223938     
     119.500 8.65949476       2.53625594       4.41704166       33.83846154      0.97169481       5.61067851       52.49007824      35.33273433      15.06937066      13.80308880     
     120.000 7.96308818       2.40757195       3.25256174       33.83734005      0.98332029       5.32941805       49.76353198      35.05066727      12.83807449      13.22393822     
     120.500 9.89279453       2.51727261       2.05060135       33.83315184      0.98196075       5.06225704       82.60159187      37.11060799      12.64478764      12.45173745     
     121.000 7.51731261       2.53077767       1.93300975       33.82439918      0.98153164       4.80848867       82.60159187      39.14389995      11.67953668      11.48648649     
     121.500 7.51932355       2.15948607       1.90476971       33.80413383      0.98133782       4.56744159       55.36601209      40.20194863      10.32818533      10.52123552     
     122.000 6.17381545       2.13525386       1.84290332       33.63666580      0.98127426       4.33847807       51.10862634      39.14389995      10.52123552      9.55598456      
     122.500 4.84127177       2.01517622       2.77516429       32.67916530      0.98125000       4.12099237       94.38510752      48.94088457      9.74903475       9.16988417      
     123.000 6.68862075       2.21949444       2.71680749       32.66119224      0.98125000       3.94934521       97.39150836      56.86253993      10.10046917      9.75909649      
     123.500 10.43330649      2.51594089       2.69894806       32.65525883      0.98125000       3.74420030       70.69933594      39.22429022      12.45097754      11.67593572     
     124.000 9.18438741       2.54781927       2.68558372       32.65333535      0.98122574       3.54971144       52.34624679      28.13279938      15.41220926      13.60198979     
     124.500 8.41769923       2.58093401       2.07402472       32.65307542      0.98118671       3.27675534       47.13577812      20.09503667      18.42404320      15.56049628     
     125.000 8.14674566       2.54743462       2.07587352       32.65384615      0.98109909       3.10654746       47.21977622      17.58627035      18.25923854      16.86743040     
     125.500 7.88557395       2.47377844       3.26573968       32.65384615      0.98087512       2.94518086       36.13391827      19.05121946      16.89189189      17.47104247     
     126.000 7.62759553       2.34190842       4.94649077       32.65272467      0.97999491       2.86766858       32.47753142      18.06162232      16.50579151      17.27799228     
     126.500 7.37589351       2.38977950       5.11571071       32.64853645      0.99522966       2.78007973       29.98016211      15.80671776      17.47104247      16.89189189     
     127.000 7.12930025       2.29764841       5.73016251       32.63748442      0.99426888       2.69718145       22.65751912      14.59125556      17.85714286      16.89189189     
     127.500 6.89067591       2.22822794       5.64052574       32.61352044      0.97723483       2.61675509       19.56616860      16.23396893      16.28861004      16.69884170     
     128.000 6.72126346       2.17579889       5.03923116       32.43620694      0.99363053       2.53872693       15.42356380      16.23396893      15.92664093      15.92664093     
     128.500 5.96064951       2.21248800       5.14346722       31.45463681      0.99094126       2.46302547       18.42695295      18.31630378      17.08494208      15.54054054     
     129.000 6.29909044       2.08201990       6.34744991       31.34452955      0.95297539       2.38958133       27.73498596      21.19604468      14.29398787      14.96138996     
     129.500 6.01400757       1.97279942       7.52920514       32.76793408      0.95030910       2.31832719       24.92999076      19.56616860      12.64478764      14.57528958     
     130.000 6.21456600       2.06516415       8.25521570       32.65779926      0.99197849       2.24919776       21.15017029      18.06162232      13.80308880      14.57528958     
     130.500 6.45172105       2.19962689       7.22001196       32.46712315      0.99235312       2.18212967       17.62154960      18.06162232      15.34749035      14.96138996     
     131.000 6.50191684       2.12360152       6.56525396       31.50054791      0.98801520       2.13448916       19.05121946      15.84254038      15.34749035      15.36596362     
     131.500 6.85187025       2.05447910       6.59278446       31.47887623      0.94210924       2.12396541       17.58627035      13.79405452      15.92664093      15.90285087     
     132.000 7.33949914       2.08737332       4.94988469       31.47064344      0.97943398       2.11259038       14.98565312      12.15159761      16.89189189      16.53120102     
     132.500 6.07040987       1.90590669       2.64835379       31.46871997      0.99491071       2.10185923       14.59125556      11.12082749      16.89189189      16.87021170     
     133.000 6.01761323       1.88777730       3.46091552       31.46846003      0.98380414       2.09083708       16.23396893      13.90155139      15.15444015      15.75268097     
     133.500 6.08112890       1.99967048       4.33052433       31.46923077      0.98177235       2.07246415       18.54982293      14.98565312      14.76833977      14.94617010     
     134.000 6.14447231       1.98062398       4.24035705       31.46923077      0.98149030       2.02507702       18.54982293      14.98565312      14.96138996      14.78009337     
     134.500 6.20764350       2.00788390       3.52498811       31.47035225      0.98133029       1.97863605       14.98565312      13.83332693      15.73359073      14.75862158     
     135.000 6.27228043       1.99556080       0.87458211       31.47147035      0.98126183       1.93382051       17.23798452      13.46925668      15.05791506      14.77845853     
     135.500 6.33642625       1.89297032       1.04371567       31.47790581      0.98131479       1.88901257       18.06162232      12.43353424      15.15444015      14.75409063     
     136.000 6.40100237       1.85947509       1.11594615       31.49520812      0.98134690       1.86889624       15.39071114      13.83332693      15.15444015      14.18918919     
     136.500 6.46514090       1.91082224       1.00996128       31.65303264      0.98146505       1.86270718       18.06162232      14.20723789      14.76833977      13.99613900     
     137.000 6.52786517       1.84593673       0.38871041       32.55701327      0.98172052       1.85704522       16.67276857      13.46925668      14.57528958      14.18918919     
     137.500 6.59592252       1.96381746       0.94880198       35.12705800      0.98282304       1.85159305       16.23396893      14.20723789      14.76833977      14.57528958     
     138.000 6.64373923       1.93049281       2.00322615       36.14162101      0.93101838       1.84610240       18.45113838      15.49367494      14.20849421      14.57528958     
     138.500 6.01503898       1.93355632       2.58546975       35.05681438      0.95725751       1.84074794       22.77099729      19.56616860      12.06563707      14.17449369     
     139.000 5.93622735       1.96059305       2.70412999       34.02489236      0.94687881       1.83530388       27.81422097      20.63819990      12.06563707      13.62215342     
     139.500 9.00014966       1.98875646       2.84413300       32.55020569      0.89609586       1.82972585       22.84360286      20.63819990      11.29343629      13.21691735     
     140.000 6.70043326       1.93781151       4.70719203       32.62254764      0.97150379       1.82374606       23.07811053      18.54982293      10.52123552      13.22441928     
     140.500 5.92241572       2.04908711       4.90361235       32.63861336      0.98189928       1.85880517       23.05953027      18.06162232      15.54054054      13.22719967     
     141.000 5.97908081       2.04521541       7.10882033       32.64707742      0.98631209       1.91557243       18.54982293      16.67276857      15.73359073      13.60474005     
     141.500 6.23540406       2.05400735       6.69910980       32.65154677      0.99062745       1.97541260       21.19604468      20.09503667      14.18918919      13.80851984     
     142.000 6.47375436       2.08391627       5.03640910       32.65384615      0.99721992       2.03680607       22.96169062      19.05121946      13.99613900      13.79475063     
     142.500 7.70286948       2.01207890       4.92060301       32.65614554      0.94868567       2.10005046       21.76896784      19.05121946      12.83783784      13.62469563     
     143.000 6.13608446       2.02861389       5.85477316       32.65974443      1.00422153       2.16552843       24.87441615      20.09503667      12.64478764      13.78148304     
     143.500 5.44034270       2.04707370       5.79897113       32.66941376      1.00562864       2.19633631       26.94647310      19.05121946      15.14059902      14.18918919     
     144.000 5.46852327       2.06032525       5.79609190       32.69207594      0.99443669       2.19633631       18.54982293      16.67276857      15.94943816      14.57528958     
     144.500 5.73368470       1.98463233       6.41678188       32.77949123      0.95667026       2.19633631       17.58627035      16.23396893      15.32707322      14.76833977     
     145.000 6.07100855       1.86417676       6.53258823       31.33935026      0.98096219       2.19633631       18.06162232      14.20723789      14.10632423      14.76833977     
     145.500 4.55702570       1.92346255       6.56834305       31.50984525      0.98216558       2.19633631       15.80671776      17.61309313      14.96877435      13.99613900     
     146.000 5.93857194       1.94744239       7.30026182       31.65689973      0.99300124       2.19827538       27.67482874      24.21976273      12.83707347      12.83783784     
     146.500 6.01676618       2.06021505       7.37227100       31.79116514      0.99771695       2.16996033       28.41132209      26.23728658      12.25868726      12.45173745     
     147.000 6.12118747       2.01153585       5.78420127       31.91940852      0.95412050       2.10408638       27.70038735      26.94647310      11.87258687      12.25868726     
     147.500 7.49505281       2.08533442       4.87631131       32.04632610      0.96980115       2.04177195       26.91656109      26.23728658      12.25868726      12.64478764     
     148.000 7.81896201       2.18036430       4.82832371       32.17096241      0.97630284       2.02809687       27.59872767      26.23728658      12.83783784      12.64478764     
     148.500 6.02994134       2.07041582       4.21163376       32.29474552      0.97935465       2.02778780       30.93116197      25.54676467      12.83783784      12.64478764     
     149.000 5.98984070       2.03567957       4.09861483       32.41947878      0.96971940       2.02744839       34.25697689      27.71349496      11.87258687      11.87258687     
     149.500 5.97516696       2.05296011       3.47740368       32.54560733      0.97347505       2.08966765       29.19113391      27.73157008      11.87258687      12.25868726     
     150.000 9.93076581       2.15892962       3.46597695       32.65951335      0.96239296       2.19870334       22.96169062      21.71355349      12.45173745      12.83783784     
     150.500 9.13165676       2.07856877       3.46268354       32.67911681      0.91115768       2.37194988       20.09503667      22.32350190      11.67953668      13.22393822     
     151.000 6.68487047       2.01064938       3.46465463       33.63838198      0.98224694       2.48302273       29.98016211      20.08035987      11.67953668      13.61003861     
     151.500 6.00563439       2.01274767       3.46867628       33.81165829      0.99181192       2.54928810       28.42287163      19.05121946      13.82299614      12.83833530     
     152.000 5.79913462       2.09725969       3.47844128       33.84980099      0.99023845       2.61732192       26.23728658      20.63819990      13.78469018      12.83943602     
     152.500 4.72977719       1.94330299       3.57689878       34.81597149      0.98835160       2.68717139       21.76896784      15.80671776      14.40437673      13.21999602     
     153.000 5.56430839       1.97128861       4.17346299       34.98762773      0.98652642       2.71871031       19.56616860      15.80671776      15.52167019      13.61555240     
     153.500 6.07103977       2.08632305       4.10505800       35.00901457      0.98489104       2.71871031       17.12342885      16.67276857      16.13156329      13.79741312     
     154.000 7.37252859       2.03555841       4.96556010       35.01776722      0.98532124       2.71871031       16.67276857      17.93361961      13.99613900      13.80883600     
     154.500 6.02846266       1.93857232       5.77479906       35.02195544      0.90881191       2.71871031       21.76896784      21.76896784      11.48648649      13.79799367     
     155.000 5.88746565       1.97558360       6.58644211       35.02307692      0.94643320       2.66842393       26.94647310      22.96169062      10.90733591      13.81157224     
     155.500 8.41976637       2.13759280       7.53520842       35.02307692      0.98458740       2.57182440       21.76896784      21.76896784      12.45173745      13.40391451     
     156.000 6.79181275       2.02908368       8.01905017       35.02307692      0.97287938       2.47872187       26.23728658      22.96169062      12.83783784      12.85556271     
     156.500 6.51586325       1.97860962       8.93935669       35.02307692      0.94460093       2.38912683       31.74439941      25.65016605      11.67953668      12.64478764     
     157.000 7.16131235       2.02714723       8.87581380       35.02307692      0.93330990       2.30228055       31.75287363      27.11098102      11.10038610      12.25868726     
     157.500 5.27228845       1.92141548       8.85876709       35.02307692      0.95387628       2.23840248       29.86946928      24.70230765      11.10038610      12.06563707     
     158.000 4.93191328       1.87360000       8.85237392       35.02307692      0.95013361       2.19898643       31.70461521      27.48706450      11.29343629      12.06563707     
     158.500 5.97665235       1.95641186       8.85211754       35.02307692      0.90792511       2.16126328       30.76999725      29.80521384      10.32818533      12.06563707     
     159.000 5.70443795       1.89413383       8.85556643       35.02307692      0.93121431       2.12337660       31.63903206      24.21976273      10.90733591      11.87258687     
     159.500 5.25550563       1.89263026       8.86468970       35.02307692      0.90269815       2.08224975       27.67482874      26.23728658      9.94208494       11.87258687     
     160.000 4.75492657       1.81596604       8.31362099       35.02307692      0.97934073       2.11038042       35.18293341      21.76896784      10.32818533      11.87258687     
     160.500 3.46688669       1.73775256       7.32773379       35.02307692      0.99256540       2.13853238       28.04635636      19.05121946      12.54826255      11.87258687     
     161.000 4.75204812       1.90591688       6.43851449       35.02307692      0.99530983       2.30127814       25.54676467      27.67482874      13.32046332      12.06563707     
     161.500 5.95233821       1.98800178       6.50896812       35.02307692      0.93982583       2.45630980       31.20387247      27.67482874      11.10038610      12.25868726     
     162.000 6.00687559       1.98954415       7.11061434       35.02307692      0.94577932       2.62178557       32.47753142      25.54676467      11.48648649      12.25868726     
     162.500 6.22296491       1.98592185       8.28153133       35.02307692      0.90218639       2.79840905       31.62277660      27.67482874      10.29198842      12.16216216     
     163.000 6.65648053       1.87424124       8.96898992       35.02307692      0.83327722       2.88899281       63.26424087      31.20387247      8.65106178       11.87258687     
     163.500 6.60721635       1.78573265       9.90297761       35.02307692      0.83229293       2.92344189       56.10928687      31.62277660      7.23938224       11.87258687     
     164.000 5.32406900       1.90861563       11.21848826      35.02307692      0.88936069       2.94518086       41.15749014      34.07473072      8.78378378       11.58301158     
     164.500 5.33237129       1.61632272       11.18999369      35.02307692      0.85569633       2.94518086       41.73674469      35.18293341      8.88030888       11.29343629     
     165.000 4.66388892       1.47426349       11.21323640      35.02307692      0.87128688       2.98471917       45.98268437      23.89892566      8.20463320       10.81081081     
     165.500 4.11585001       1.48427756       11.96305831      35.02307692      0.83727493       3.23334845       45.93552542      20.36480748      7.33590734       10.23166023     
     166.000 4.11053322       1.45909517       13.68167147      35.02307692      0.78817056       3.69460121       52.31453065      18.54982293      5.79150579       9.84555985      
     166.500 4.11267162       1.50032605       14.18856495      35.02307692      0.87946501       4.27832854       52.71484449      12.26882830      6.17760618       9.26640927      
     167.000 4.11295739       1.47420732       14.24841244      35.02307692      0.85318094       5.29588107       25.54676467      10.88126875      6.46718147       8.49420849      
     167.500 4.11350212       1.52687340       14.40605702      35.02307692      0.89349030       6.55544709       28.04635636      13.11476816      5.79150579       7.81853282      
     168.000 4.11676272       1.49348918       14.16491000      35.02307692      0.86370245       4.93230805       26.23728658      11.17538640      6.46718147       8.78378378      
     168.500 4.11676272       1.49348918       14.16491000      35.02307692      0.86370245       4.93230805       26.23728658      11.17538640      6.46718147       8.78378378      
     169.000 4.11676272       1.49348918       14.16491000      35.02307692      0.86370245       4.93230805       26.23728658      11.17538640      6.46718147       8.78378378      
     169.500 4.11676272       1.49348918       14.16491000      35.02307692      0.86370245       4.93230805       26.23728658      11.17538640      6.46718147       8.78378378      
     170.000 4.11676272       1.49348918       14.16491000      35.02307692      0.86370245       4.93230805       26.23728658      11.17538640      6.46718147       8.78378378      
    